1.78
4.28
390.00
9.99
29.99
154.01
19.10
10.00
0.96
23.00
17.87
0.99
19.99
5.99
7.69
9.95
29.99
8.21
19.19
675.00
25.47
25.47
2.87
6.99
10.95
279.99
18.95
1.25
259.99
50.00
14.99
7.50
84.95
11.99
2.99
29.99
156.95
57.34
1.78
8.79
3.14
39.95
1400.00
7.95
13.99
13.99
12.99
0.99
22.99
70.00
14.99
49.99
18.00
12.99
1.27
125.00
53.99
9.95
19.99
4.49
39.99
16.95
249.00
4.76
7.59
13.49
37.00
25.25
1.25
1.58
89.99
177.38
1100.00
35.00
14.95
5.90
10.50
6.99
0.99
95.57
6.00
57.32
19.99
50.00
8.00
51.99
22.50
493.95
100.00
100.00
25.65
0.99
0.99
0.99
149.99
2.27
11.99
9.99
100.00
67.95
63.70
1.25
1050.00
14.99
39.99
76.99
8.87
36.00
65.01
120.00
7.50
2.24
5.98
40.00
270.65
10.50
69.00
13.99
9.54
15.99
3.99
9.95
6.99
800.00
15.00
9.87
5.00
34.95
200.00
49.99
22.10
224.99
43.44
5.99
28.87
15.77
27.47
4.87
0.11
10.87
175.00
7.39
15.91
15.91
15.50
135.00
32.00
22.50
9.99
191.50
117.50
39.99
225.00
0.98
31.00
32.14
20.52
99.00
5.92
8.00
12.99
329.95
4.76
189.99
1.20
0.99
13.52
12.47
18.87
24.50
17.03
54.95
9.99
36.21
16.00
32.99
8.99
100.00
951.50
40.94
31.00
9.06
10.37
16.99
34.95
28.00
456.00
29.95
22.90
54.99
40.84
329.99
7.95
5.05
91.99
29.95
99.95
12.97
1.19
12.73
27.99
19.95
8.27
10.51
12.01
27.95
9.99
5.05
1.44
14.47
4.47
14.87
0.01
18.00
46.75
9.99
31.15
5.05
57.95
3.88
30.30
6.50
5.85
46.00
14.99
7.95
5.85
5.85
6.50
21.50
8.95
30.60
36.95
19.99
49.99
6.99
7.09
4.75
19.11
34.00
15.50
260.00
29.99
29.30
19.99
25.00
27.95
36.50
12.99
29.00
699.99
29.30
13.99
27.00
44.99
14.99
31.00
35.00
69.99
35.00
39.00
24.50
25.00
99.99
99.00
5.55
7.96
17.99
39.99
0.01
0.96
5.17
25.66
90.00
39.99
277.00
35.00
3.25
350.00
269.00
279.00
4.99
20.00
35.00
34.95
72.77
2.20
27.00
164.07
0.96
6.50
4.76
10.50
0.99
143.35
5.00
9.00
44.99
189.99
2.49
675.00
65.00
16.99
100.00
52.99
9.99
89.00
168.00
43.99
14.99
31.87
4.76
8.50
15.91
10.49
12.95
4.82
28.87
7.83
15.98
8.25
73.95
16.92
56.00
46.00
31.84
24.67
9.95
49.99
11.49
30.00
92.95
15.67
9.99
18.00
1125.00
6.50
202.50
0.99
255.99
2.25
112.50
2.99
8.95
17.95
285.00
20.99
8.50
57.99
38.00
5.50
15.00
59.90
8.99
25.00
99.95
0.99
15.87
66.00
6.99
9.99
11.00
14.99
3.25
10.00
2699.00
3.58
49.99
748.66
406.00
1200.00
0.01
49.95
112.50
17.55
2250.00
28.02
5.50
13.54
1.58
900.00
20.50
10.00
4.99
49.00
29.99
29.97
11.13
7.99
25.51
99.99
95.00
0.95
24.99
12.95
33.45
54.99
19.99
4.99
6.36
27.99
19.95
8.27
10.51
12.01
27.95
9.99
5.05
1.44
14.47
4.47
14.87
0.01
18.00
46.75
9.99
31.15
5.05
57.95
3.88
30.30
6.50
5.85
46.00
14.99
7.95
5.85
5.85
6.50
21.50
8.95
30.60
36.95
19.99
49.99
6.99
7.09
4.75
19.11
34.00
15.50
260.00
29.99
29.30
19.99
25.00
27.95
36.50
12.99
29.00
699.99
29.30
13.99
27.00
44.99
14.99
31.00
35.00
69.99
35.00
39.00
24.50
25.00
99.99
99.00
5.55
7.96
17.99
39.99
0.01
0.96
5.17
25.66
90.00
39.99
277.00
35.00
3.25
350.00
269.00
279.00
4.99
20.00
35.00
34.95
72.77
2.20
27.00
164.07
0.96
6.50
4.76
10.50
0.99
143.35
5.00
9.00
44.99
189.99
2.49
675.00
65.00
16.99
100.00
52.99
9.99
89.00
168.00
43.99
14.99
31.87
4.76
8.50
15.91
10.49
12.95
4.82
28.87
7.83
15.98
8.25
73.95
16.92
56.00
46.00
31.84
24.67
9.95
49.99
11.49
30.00
92.95
15.67
9.99
18.00
1125.00
6.50
202.50
0.99
255.99
2.25
112.50
2.99
8.95
17.95
285.00
20.99
8.50
57.99
38.00
5.50
15.00
59.90
8.99
25.00
99.95
0.99
15.87
66.00
6.99
9.99
11.00
14.99
3.25
10.00
2699.00
3.58
49.99
748.66
406.00
1200.00
0.01
49.95
112.50
17.55
2250.00
28.02
5.50
13.54
1.58
900.00
20.50
10.00
4.99
49.00
29.99
29.97
11.13
7.99
25.51
99.99
95.00
0.95
24.99
12.95
33.45
54.99
19.99
4.99
6.36
27.99
19.95
8.27
10.51
12.01
27.95
9.99
5.05
1.44
14.47
4.47
14.87
0.01
18.00
46.75
9.99
31.15
5.05
57.95
3.88
30.30
6.50
5.85
46.00
14.99
7.95
5.85
5.85
6.50
21.50
8.95
30.60
36.95
19.99
49.99
6.99
7.09
4.75
19.11
34.00
15.50
260.00
29.99
29.30
19.99
25.00
27.95
36.50
12.99
29.00
699.99
29.30
13.99
27.00
44.99
14.99
31.00
35.00
69.99
35.00
39.00
24.50
25.00
99.99
99.00
5.55
7.96
17.99
39.99
0.01
0.96
5.17
25.66
90.00
39.99
277.00
35.00
3.25
350.00
269.00
279.00
4.99
20.00
35.00
34.95
72.77
2.20
27.00
164.07
0.96
6.50
4.76
10.50
0.99
143.35
5.00
9.00
44.99
189.99
2.49
675.00
65.00
16.99
100.00
52.99
9.99
89.00
168.00
43.99
14.99
31.87
4.76
8.50
15.91
10.49
12.95
4.82
28.87
7.83
15.98
8.25
73.95
16.92
56.00
46.00
31.84
24.67
9.95
49.99
11.49
30.00
92.95
15.67
9.99
18.00
1125.00
6.50
202.50
0.99
255.99
2.25
112.50
2.99
8.95
17.95
285.00
20.99
8.50
57.99
38.00
5.50
15.00
59.90
8.99
25.00
99.95
0.99
15.87
66.00
6.99
9.99
11.00
14.99
3.25
10.00
2699.00
3.58
49.99
748.66
406.00
1200.00
0.01
49.95
112.50
17.55
2250.00
28.02
5.50
13.54
1.58
900.00
20.50
10.00
4.99
49.00
29.99
29.97
11.13
7.99
25.51
99.99
95.00
0.95
24.99
12.95
33.45
54.99
19.99
4.99
6.36