94.99
80.00
29.99
50.79
19.99
14.00
95.00
20.88
195.00
63.16
55.95
42.50
182.50
97.95
89.95
84.99
14.95
39.09
8.00
29.99
51.42
48.00
12.99
41.25
185.00
94.95
88.99
10.00
38.50
44.99
21.50
26.00
3.25
2025.00
51.00
46.52
32.99
31.73
178.61
82.53
84.99
69.95
136.89
20.49
19.95
56.00
1799.00
38.98
18.95
38.50
23.99
8.99
18.26
100.00
3.13
29.99
129.95
149.95
41.00
55.16
47.26
20.57
20.00
44.25
22.98
14.95
32.00
38.99
41.95
32.99
9.06
39.99
1795.00
14.95
34.99
124.99
59.99
35.04
29.99
19.94
149.99
70.00
19.99
14.99
44.99
46.00
14.49
21.50
2499.00
6.59
90.00
123.71
39.95
7.99
64.75
25.49
50.99
69.99
50.79
19.99
22.50
37.99
79.85
76.00
50.79
23.75
25.99
21.95
11.32
15.99
59.99
50.00
33.48
21.95
69.99
20.57
28.99
37.44
85.98
84.88
92.88
12.45
12.95
50.79
37.90
39.99
18.88
19.00
50.79
51.48
685.00
9.99
20.57
26.18
11.75
9.99
24.95
39.99
50.79
44.99
99.95
15.00
2750.00
3.99
29.99
61.95
39.95
493.88
34.75
34.98
35.99
58.38
167.76
36.00
66.00
141.50
9.00
136.97
7.34
67.99
12.99
38.33
34.99
20.56
37.95
21.91
22.99
54.99
37.51
20.88
26.99
41.00
34.85
49.99
38.79
66.68
55.95
23.99
55.95
76.95
6.50
11.99
41.00
17.99
12.49
103.50
44.25
51.89
104.81
33.60
136.97
24.95
24.95
199.00
39.99
72.86
39.99
10.50
45.05
80.00
3.99
9.99
1.25
62.00
8.50
351.00
9.99
0.01
4.80
4.45
3.65
4.25
10.50
3.23
4.80
3.74
79.00
13.00
510.00
65.00
8.99
40.00
4.25
0.69
44.50
0.01
9.99
9.52
39.93
120.00
118.99
18.50
225.00
7.98
10.99
15.50
14.51
94.95
2.75
1.75
199.99
9.99
42.00
2.75
100.00
39.95
3.25
115.87
89.95
22.53
23.50
5.99
13.00
165.00
85.00
4.60
175.00
4.75
498.90
30.99
46.80
12.75
13.00
33.00
2379.00
107.50
23.55
319.99
28.00
9.99
25.00
123.99
15.50
3.00
9.99
1295.00
18.99
150.00
21.00
63.00
45.00
19.51
29.99
152.50
9.99
31.92
2635.05
33.54
42.00
79.00
149.00
75.00
89.00
75.00
319.00
7.99
2.50
899.00
99.50
0.94
35.93
259.99
0.11
32.00
397.67
10.49
29.71
16.50
73.46
249.00
6.50
3.60
33.48
75.00
269.00
59.99
22.50
155.00
5.50
9.50
9.50
7.50
7.76
7.99
1925.00
10.05
19.99
7.49
2.99
50.00
375.00
10.99
0.97
2245.50
30.05
160.00
13.00
41.52
74.26
0.26
0.01
435.00
68.67
21.75
264.99
0.11
77.00
31.01
82.00
31.00
38.33
24.50
18.97
51.10
9.89
12.99
1.00
26.00
29.99
127.74
180.00
0.94
189.99
332.00
56.00
20.75
14.95
99.00
3.75
16.08
100.00
2.25
72.01
19.50
4.00
2.25
21.00
31.00
20.50
18.99
790.52
30.00
60.99
12.00
27.99
399.00
449.00
9.00
5.50
5.99
20.50
450.00
22.00
17.17
3105.00
1.29
6.00
0.82
295.00
80.00
3.99
9.99
1.25
62.00
8.50
351.00
9.99
0.01
4.80
4.45
3.65
4.25
10.50
3.23
4.80
3.74
79.00
13.00
510.00
65.00
8.99
40.00
4.25
0.69
44.50
0.01
9.99
9.52
39.93
120.00
118.99
18.50
225.00
7.98
10.99
15.50
14.51
94.95
2.75
1.75
199.99
9.99
42.00
2.75
100.00
39.95
3.25
115.87
89.95
22.53
23.50
5.99
13.00
165.00
85.00
4.60
175.00
4.75
498.90
30.99
46.80
12.75
13.00
33.00
2379.00
107.50
23.55
319.99
28.00
9.99
25.00
123.99
15.50
3.00
9.99
1295.00
18.99
150.00
21.00
63.00
45.00
19.51
29.99
152.50
9.99
31.92
2635.05
33.54
42.00
79.00
149.00
75.00
89.00
75.00
319.00
7.99
2.50
899.00
99.50
0.94
35.93
259.99
0.11
32.00
397.67
10.49
29.71
16.50
73.46
249.00
6.50
3.60
33.48
75.00
269.00
59.99
22.50
155.00
5.50
9.50
9.50
7.50
7.76
7.99
1925.00
10.05
19.99
7.49
2.99
50.00
375.00
10.99
0.97
2245.50
30.05
160.00
13.00
41.52
74.26
0.26
0.01
435.00
68.67
21.75
264.99
0.11
77.00
31.01
82.00
31.00
38.33
24.50
18.97
51.10
9.89
12.99
1.00
26.00
29.99
127.74
180.00
0.94
189.99
332.00
56.00
20.75
14.95
99.00
3.75
16.08
100.00
2.25
72.01
19.50
4.00
2.25
21.00
31.00
20.50
18.99
790.52
30.00
60.99
12.00
27.99
399.00
449.00
9.00
5.50
5.99
20.50
450.00
22.00
17.17
3105.00
1.29
6.00
0.82
295.00
80.00
3.99
9.99
1.25
62.00
8.50
351.00
9.99
0.01
4.80
4.45
3.65
4.25
10.50
3.23
4.80
3.74
79.00
13.00
510.00
65.00
8.99
40.00
4.25
0.69
44.50
0.01
9.99
9.52
39.93
120.00
118.99
18.50
225.00
7.98
10.99
15.50
14.51
94.95
2.75
1.75
199.99
9.99
42.00
2.75
100.00
39.95
3.25
115.87
89.95
22.53
23.50
5.99
13.00
165.00
85.00
4.60
175.00
4.75
498.90
30.99
46.80
12.75
13.00
33.00
2379.00
107.50
23.55
319.99
28.00
9.99
25.00
123.99
15.50
3.00
9.99
1295.00
18.99
150.00
21.00
63.00
45.00
19.51
29.99
152.50
9.99
31.92
2635.05
33.54
42.00
79.00
149.00
75.00
89.00
75.00
319.00
7.99
2.50
899.00
99.50
0.94
35.93
259.99
0.11
32.00
397.67
10.49
29.71
16.50
73.46
249.00
6.50
3.60
33.48
75.00
269.00
59.99
22.50
155.00
5.50
9.50
9.50
7.50
7.76
7.99
1925.00
10.05
19.99
7.49
2.99
50.00
375.00
10.99
0.97
2245.50
30.05
160.00
13.00
41.52
74.26
0.26
0.01
435.00
68.67
21.75
264.99
0.11
77.00
31.01
82.00
31.00
38.33
24.50
18.97
51.10
9.89
12.99
1.00
26.00
29.99
127.74
180.00
0.94
189.99
332.00
56.00
20.75
14.95
99.00
3.75
16.08
100.00
2.25
72.01
19.50
4.00
2.25
21.00
31.00
20.50
18.99
790.52
30.00
60.99
12.00
27.99
399.00
449.00
9.00
5.50
5.99
20.50
450.00
22.00
17.17
3105.00
1.29
6.00
0.82
295.00
80.00
3.99
9.99
1.25
62.00
8.50
351.00
9.99
0.01
4.80
4.45
3.65
4.25
10.50
3.23
4.80
3.74
79.00
13.00
510.00
65.00
8.99
40.00
4.25
0.69
44.50
0.01
9.99
9.52
39.93
120.00
118.99
18.50
225.00
7.98
10.99
15.50
14.51
94.95
2.75
1.75
199.99
9.99
42.00
2.75
100.00
39.95
3.25
115.87
89.95
22.53
23.50
5.99
13.00
165.00
85.00
4.60
175.00
4.75
498.90
30.99
46.80
12.75
13.00
33.00
2379.00
107.50
23.55
319.99
28.00
9.99
25.00
123.99
15.50
3.00
9.99
1295.00
18.99
150.00
21.00
63.00
45.00
19.51
29.99
152.50
9.99
31.92
2635.05
33.54
42.00
79.00
149.00
75.00
89.00
75.00
319.00
7.99
2.50
899.00
99.50
0.94
35.93
259.99
0.11
32.00
397.67
10.49
29.71
16.50
73.46
249.00
6.50
3.60
33.48
75.00
269.00
59.99
22.50
155.00
5.50
9.50
9.50
7.50
7.76
7.99
1925.00
10.05
19.99
7.49
2.99
50.00
375.00
10.99
0.97
2245.50
30.05
160.00
13.00
41.52
74.26
0.26
0.01
435.00
68.67
21.75
264.99
0.11
77.00
31.01
82.00
31.00
38.33
24.50
18.97
51.10
9.89
12.99
1.00
26.00
29.99
127.74
180.00
0.94
189.99
332.00
56.00
20.75
14.95
99.00
3.75
16.08
100.00
2.25
72.01
19.50
4.00
2.25
21.00
31.00
20.50
18.99
790.52
30.00
60.99
12.00
27.99
399.00
449.00
9.00
5.50
5.99
20.50
450.00
22.00
17.17
3105.00
1.29
6.00
0.82
295.00
80.00
3.99
9.99
1.25
62.00
8.50
351.00
9.99
0.01
4.80
4.45
3.65
4.25
10.50
3.23
4.80
3.74
79.00
13.00
510.00
65.00
8.99
40.00
4.25
0.69
44.50
0.01
9.99
9.52
39.93
120.00
118.99
18.50
225.00
7.98
10.99
15.50
14.51
94.95
2.75
1.75
199.99
9.99
42.00
2.75
100.00
39.95
3.25
115.87
89.95
22.53
23.50
5.99
13.00
165.00
85.00
4.60
175.00
4.75
498.90
30.99
46.80
12.75
13.00
33.00
2379.00
107.50
23.55
319.99
28.00
9.99
25.00
123.99
15.50
3.00
9.99
1295.00
18.99
150.00
21.00
63.00
45.00
19.51
29.99
152.50
9.99
31.92
2635.05
33.54
42.00
79.00
149.00
75.00
89.00
75.00
319.00
7.99
2.50
899.00
99.50
0.94
35.93
259.99
0.11
32.00
397.67
10.49
29.71
16.50
73.46
249.00
6.50
3.60
33.48
75.00
269.00
59.99
22.50
155.00
5.50
9.50
9.50
7.50
7.76
7.99
1925.00
10.05
19.99
7.49
2.99
50.00
375.00
10.99
0.97
2245.50
30.05
160.00
13.00
41.52
74.26
0.26
0.01
435.00
68.67
21.75
264.99
0.11
77.00
31.01
82.00
31.00
38.33
24.50
18.97
51.10
9.89
12.99
1.00
26.00
29.99
127.74
180.00
0.94
189.99
332.00
56.00
20.75
14.95
99.00
3.75
16.08
100.00
2.25
72.01
19.50
4.00
2.25
21.00
31.00
20.50
18.99
790.52
30.00
60.99
12.00
27.99
399.00
449.00
9.00
5.50
5.99
20.50
450.00
22.00
17.17
3105.00
1.29
6.00
0.82
295.00
80.00
3.99
9.99
1.25
62.00
8.50
351.00
9.99
0.01
4.80
4.45
3.65
4.25
10.50
3.23
4.80
3.74
79.00
13.00
510.00
65.00
8.99
40.00
4.25
0.69
44.50
0.01
9.99
9.52
39.93
120.00
118.99
18.50
225.00
7.98
10.99
15.50
14.51
94.95
2.75
1.75
199.99
9.99
42.00
2.75
100.00
39.95
3.25
115.87
89.95
22.53
23.50
5.99
13.00
165.00
85.00
4.60
175.00
4.75
498.90
30.99
46.80
12.75
13.00
33.00
2379.00
107.50
23.55
319.99
28.00
9.99
25.00
123.99
15.50
3.00
9.99
1295.00
18.99
150.00
21.00
63.00
45.00
19.51
29.99
152.50
9.99
31.92
2635.05
33.54
42.00
79.00
149.00
75.00
89.00
75.00
319.00
7.99
2.50
899.00
99.50
0.94
35.93
259.99
0.11
32.00
397.67
10.49
29.71
16.50
73.46
249.00
6.50
3.60
33.48
75.00
269.00
59.99
22.50
155.00
5.50
9.50
9.50
7.50
7.76
7.99
1925.00
10.05
19.99
7.49
2.99
50.00
375.00
10.99
0.97
2245.50
30.05
160.00
13.00
41.52
74.26
0.26
0.01
435.00
68.67
21.75
264.99
0.11
77.00
31.01
82.00
31.00
38.33
24.50
18.97
51.10
9.89
12.99
1.00
26.00
29.99
127.74
180.00
0.94
189.99
332.00
56.00
20.75
14.95
99.00
3.75
16.08
100.00
2.25
72.01
19.50
4.00
2.25
21.00
31.00
20.50
18.99
790.52
30.00
60.99
12.00
27.99
399.00
449.00
9.00
5.50
5.99
20.50
450.00
22.00
17.17
3105.00
1.29
6.00
0.82
295.00
80.00
3.99
9.99
1.25
62.00
8.50
351.00
9.99
0.01
4.80
4.45
3.65
4.25
10.50
3.23
4.80
3.74
79.00
13.00
510.00
65.00
8.99
40.00
4.25
0.69
44.50
0.01
9.99
9.52
39.93
120.00
118.99
18.50
225.00
7.98
10.99
15.50
14.51
94.95
2.75
1.75
199.99
9.99
42.00
2.75
100.00
39.95
3.25
115.87
89.95
22.53
23.50
5.99
13.00
165.00
85.00
4.60
175.00
4.75
498.90
30.99
46.80
12.75
13.00
33.00
2379.00
107.50
23.55
319.99
28.00
9.99
25.00
123.99
15.50
3.00
9.99
1295.00
18.99
150.00
21.00
63.00
45.00
19.51
29.99
152.50
9.99
31.92
2635.05
33.54
42.00
79.00
149.00
75.00
89.00
75.00
319.00
7.99
2.50
899.00
99.50
0.94
35.93
259.99
0.11
32.00
397.67
10.49
29.71
16.50
73.46
249.00
6.50
3.60
33.48
75.00
269.00
59.99
22.50
155.00
5.50
9.50
9.50
7.50
7.76
7.99
1925.00
10.05
19.99
7.49
2.99
50.00
375.00
10.99
0.97
2245.50
30.05
160.00
13.00
41.52
74.26
0.26
0.01
435.00
68.67
21.75
264.99
0.11
77.00
31.01
82.00
31.00
38.33
24.50
18.97
51.10
9.89
12.99
1.00
26.00
29.99
127.74
180.00
0.94
189.99
332.00
56.00
20.75
14.95
99.00
3.75
16.08
100.00
2.25
72.01
19.50
4.00
2.25
21.00
31.00
20.50
18.99
790.52
30.00
60.99
12.00
27.99
399.00
449.00
9.00
5.50
5.99
20.50
450.00
22.00
17.17
3105.00
1.29
6.00
0.82
295.00
80.00
3.99
9.99
1.25
62.00
8.50
351.00
9.99
0.01
4.80
4.45
3.65
4.25
10.50
3.23
4.80
3.74
79.00
13.00
510.00
65.00
8.99
40.00
4.25
0.69
44.50
0.01
9.99
9.52
39.93
120.00
118.99
18.50
225.00
7.98
10.99
15.50
14.51
94.95
2.75
1.75
199.99
9.99
42.00
2.75
100.00
39.95
3.25
115.87
89.95
22.53
23.50
5.99
13.00
165.00
85.00
4.60
175.00
4.75
498.90
30.99
46.80
12.75
13.00
33.00
2379.00
107.50
23.55
319.99
28.00
9.99
25.00
123.99
15.50
3.00
9.99
1295.00
18.99
150.00
21.00
63.00
45.00
19.51
29.99
152.50
9.99
31.92
2635.05
33.54
42.00
79.00
149.00
75.00
89.00
75.00
319.00
7.99
2.50
899.00
99.50
0.94
35.93
259.99
0.11
32.00
397.67
10.49
29.71
16.50
73.46
249.00
6.50
3.60
33.48
75.00
269.00
59.99
22.50
155.00
5.50
9.50
9.50
7.50
7.76
7.99
1925.00
10.05
19.99
7.49
2.99
50.00
375.00
10.99
0.97
2245.50
30.05
160.00
13.00
41.52
74.26
0.26
0.01
435.00
68.67
21.75
264.99
0.11
77.00
31.01
82.00
31.00
38.33
24.50
18.97
51.10
9.89
12.99
1.00
26.00
29.99
127.74
180.00
0.94
189.99
332.00
56.00
20.75
14.95
99.00
3.75
16.08
100.00
2.25
72.01
19.50
4.00
2.25
21.00
31.00
20.50
18.99
790.52
30.00
60.99
12.00
27.99
399.00
449.00
9.00
5.50
5.99
20.50
450.00
22.00
17.17
3105.00
1.29
6.00
0.82
295.00
80.00
3.99
9.99
1.25
62.00
8.50
351.00
9.99
0.01
4.80
4.45
3.65
4.25
10.50
3.23
4.80
3.74
79.00
13.00
510.00
65.00
8.99
40.00
4.25
0.69
44.50
0.01
9.99
9.52
39.93
120.00
118.99
18.50
225.00
7.98
10.99
15.50
14.51
94.95
2.75
1.75
199.99
9.99
42.00
2.75
100.00
39.95
3.25
115.87
89.95
22.53
23.50
5.99
13.00
165.00
85.00
4.60
175.00
4.75
498.90
30.99
46.80
12.75
13.00
33.00
2379.00
107.50
23.55
319.99
28.00
9.99
25.00
123.99
15.50
3.00
9.99
1295.00
18.99
150.00
21.00
63.00
45.00
19.51
29.99
152.50
9.99
31.92
2635.05
33.54
42.00
79.00
149.00
75.00
89.00
75.00
319.00
7.99
2.50
899.00
99.50
0.94
35.93
259.99
0.11
32.00
397.67
10.49
29.71
16.50
73.46
249.00
6.50
3.60
33.48
75.00
269.00
59.99
22.50
155.00
5.50
9.50
9.50
7.50
7.76
7.99
1925.00
10.05
19.99
7.49
2.99
50.00
375.00
10.99
0.97
2245.50
30.05
160.00
13.00
41.52
74.26
0.26
0.01
435.00
68.67
21.75
264.99
0.11
77.00
31.01
82.00
31.00
38.33
24.50
18.97
51.10
9.89
12.99
1.00
26.00
29.99
127.74
180.00
0.94
189.99
332.00
56.00
20.75
14.95
99.00
3.75
16.08
100.00
2.25
72.01
19.50
4.00
2.25
21.00
31.00
20.50
18.99
790.52
30.00
60.99
12.00
27.99
399.00
449.00
9.00
5.50
5.99
20.50
450.00
22.00
17.17
3105.00
1.29
6.00
0.82
295.00
80.00
3.99
9.99
1.25
62.00
8.50
351.00
9.99
0.01
4.80
4.45
3.65
4.25
10.50
3.23
4.80
3.74
79.00
13.00
510.00
65.00
8.99
40.00
4.25
0.69
44.50
0.01
9.99
9.52
39.93
120.00
118.99
18.50
225.00
7.98
10.99
15.50
14.51
94.95
2.75
1.75
199.99
9.99
42.00
2.75
100.00
39.95
3.25
115.87
89.95
22.53
23.50
5.99
13.00
165.00
85.00
4.60
175.00
4.75
498.90
30.99
46.80
12.75
13.00
33.00
2379.00
107.50
23.55
319.99
28.00
9.99
25.00
123.99
15.50
3.00
9.99
1295.00
18.99
150.00
21.00
63.00
45.00
19.51
29.99
152.50
9.99
31.92
2635.05
33.54
42.00
79.00
149.00
75.00
89.00
75.00
319.00
7.99
2.50
899.00
99.50
0.94
35.93
259.99
0.11
32.00
397.67
10.49
29.71
16.50
73.46
249.00
6.50
3.60
33.48
75.00
269.00
59.99
22.50
155.00
5.50
9.50
9.50
7.50
7.76
7.99
1925.00
10.05
19.99
7.49
2.99
50.00
375.00
10.99
0.97
2245.50
30.05
160.00
13.00
41.52
74.26
0.26
0.01
435.00
68.67
21.75
264.99
0.11
77.00
31.01
82.00
31.00
38.33
24.50
18.97
51.10
9.89
12.99
1.00
26.00
29.99
127.74
180.00
0.94
189.99
332.00
56.00
20.75
14.95
99.00
3.75
16.08
100.00
2.25
72.01
19.50
4.00
2.25
21.00
31.00
20.50
18.99
790.52
30.00
60.99
12.00
27.99
399.00
449.00
9.00
5.50
5.99
20.50
450.00
22.00
17.17
3105.00
1.29
6.00
0.82
295.00
80.00
3.99
9.99
1.25
62.00
8.50
351.00
9.99
0.01
4.80
4.45
3.65
4.25
10.50
3.23
4.80
3.74
79.00
13.00
510.00
65.00
8.99
40.00
4.25
0.69
44.50
0.01
9.99
9.52
39.93
120.00
118.99
18.50
225.00
7.98
10.99
15.50
14.51
94.95
2.75
1.75
199.99
9.99
42.00
2.75
100.00
39.95
3.25
115.87
89.95
22.53
23.50
5.99
13.00
165.00
85.00
4.60
175.00
4.75
498.90
30.99
46.80
12.75
13.00
33.00
2379.00
107.50
23.55
319.99
28.00
9.99
25.00
123.99
15.50
3.00
9.99
1295.00
18.99
150.00
21.00
63.00
45.00
19.51
29.99
152.50
9.99
31.92
2635.05
33.54
42.00
79.00
149.00
75.00
89.00
75.00
319.00
7.99
2.50
899.00
99.50
0.94
35.93
259.99
0.11
32.00
397.67
10.49
29.71
16.50
73.46
249.00
6.50
3.60
33.48
75.00
269.00
59.99
22.50
155.00
5.50
9.50
9.50
7.50
7.76
7.99
1925.00
10.05
19.99
7.49
2.99
50.00
375.00
10.99
0.97
2245.50
30.05
160.00
13.00
41.52
74.26
0.26
0.01
435.00
68.67
21.75
264.99
0.11
77.00
31.01
82.00
31.00
38.33
24.50
18.97
51.10
9.89
12.99
1.00
26.00
29.99
127.74
180.00
0.94
189.99
332.00
56.00
20.75
14.95
99.00
3.75
16.08
100.00
2.25
72.01
19.50
4.00
2.25
21.00
31.00
20.50
18.99
790.52
30.00
60.99
12.00
27.99
399.00
449.00
9.00
5.50
5.99
20.50
450.00
22.00
17.17
3105.00
1.29
6.00
0.82
295.00
80.00
3.99
9.99
1.25
62.00
8.50
351.00
9.99
0.01
4.80
4.45
3.65
4.25
10.50
3.23
4.80
3.74
79.00
13.00
510.00
65.00
8.99
40.00
4.25
0.69
44.50
0.01
9.99
9.52
39.93
120.00
118.99
18.50
225.00
7.98
10.99
15.50
14.51
94.95
2.75
1.75
199.99
9.99
42.00
2.75
100.00
39.95
3.25
115.87
89.95
22.53
23.50
5.99
13.00
165.00
85.00
4.60
175.00
4.75
498.90
30.99
46.80
12.75
13.00
33.00
2379.00
107.50
23.55
319.99
28.00
9.99
25.00
123.99
15.50
3.00
9.99
1295.00
18.99
150.00
21.00
63.00
45.00
19.51
29.99
152.50
9.99
31.92
2635.05
33.54
42.00
79.00
149.00
75.00
89.00
75.00
319.00
7.99
2.50
899.00
99.50
0.94
35.93
259.99
0.11
32.00
397.67
10.49
29.71
16.50
73.46
249.00
6.50
3.60
33.48
75.00
269.00
59.99
22.50
155.00
5.50
9.50
9.50
7.50
7.76
7.99
1925.00
10.05
19.99
7.49
2.99
50.00
375.00
10.99
0.97
2245.50
30.05
160.00
13.00
41.52
74.26
0.26
0.01
435.00
68.67
21.75
264.99
0.11
77.00
31.01
82.00
31.00
38.33
24.50
18.97
51.10
9.89
12.99
1.00
26.00
29.99
127.74
180.00
0.94
189.99
332.00
56.00
20.75
14.95
99.00
3.75
16.08
100.00
2.25
72.01
19.50
4.00
2.25
21.00
31.00
20.50
18.99
790.52
30.00
60.99
12.00
27.99
399.00
449.00
9.00
5.50
5.99
20.50
450.00
22.00
17.17
3105.00
1.29
6.00
0.82
295.00
80.00
3.99
9.99
1.25
62.00
8.50
351.00
9.99
0.01
4.80
4.45
3.65
4.25
10.50
3.23
4.80
3.74
79.00
13.00
510.00
65.00
8.99
40.00
4.25
0.69
44.50
0.01
9.99
9.52
39.93
120.00
118.99
18.50
225.00
7.98
10.99
15.50
14.51
94.95
2.75
1.75
199.99
9.99
42.00
2.75
100.00
39.95
3.25
115.87
89.95
22.53
23.50
5.99
13.00
165.00
85.00
4.60
175.00
4.75
498.90
30.99
46.80
12.75
13.00
33.00
2379.00
107.50
23.55
319.99
28.00
9.99
25.00
123.99
15.50
3.00
9.99
1295.00
18.99
150.00
21.00
63.00
45.00
19.51
29.99
152.50
9.99
31.92
2635.05
33.54
42.00
79.00
149.00
75.00
89.00
75.00
319.00
7.99
2.50
899.00
99.50
0.94
35.93
259.99
0.11
32.00
397.67
10.49
29.71
16.50
73.46
249.00
6.50
3.60
33.48
75.00
269.00
59.99
22.50
155.00
5.50
9.50
9.50
7.50
7.76
7.99
1925.00
10.05
19.99
7.49
2.99
50.00
375.00
10.99
0.97
2245.50
30.05
160.00
13.00
41.52
74.26
0.26
0.01
435.00
68.67
21.75
264.99
0.11
77.00
31.01
82.00
31.00
38.33
24.50
18.97
51.10
9.89
12.99
1.00
26.00
29.99
127.74
180.00
0.94
189.99
332.00
56.00
20.75
14.95
99.00
3.75
16.08
100.00
2.25
72.01
19.50
4.00
2.25
21.00
31.00
20.50
18.99
790.52
30.00
60.99
12.00
27.99
399.00
449.00
9.00
5.50
5.99
20.50
450.00
22.00
17.17
3105.00
1.29
6.00
0.82
295.00
80.00
3.99
9.99
1.25
62.00
8.50
351.00
9.99
0.01
4.80
4.45
3.65
4.25
10.50
3.23
4.80
3.74
79.00
13.00
510.00
65.00
8.99
40.00
4.25
0.69
44.50
0.01
9.99
9.52
39.93
120.00
118.99
18.50
225.00
7.98
10.99
15.50
14.51
94.95
2.75
1.75
199.99
9.99
42.00
2.75
100.00
39.95
3.25
115.87
89.95
22.53
23.50
5.99
13.00
165.00
85.00
4.60
175.00
4.75
498.90
30.99
46.80
12.75
13.00
33.00
2379.00
107.50
23.55
319.99
28.00
9.99
25.00
123.99
15.50
3.00
9.99
1295.00
18.99
150.00
21.00
63.00
45.00
19.51
29.99
152.50
9.99
31.92
2635.05
33.54
42.00
79.00
149.00
75.00
89.00
75.00
319.00
7.99
2.50
899.00
99.50
0.94
35.93
259.99
0.11
32.00
397.67
10.49
29.71
16.50
73.46
249.00
6.50
3.60
33.48
75.00
269.00
59.99
22.50
155.00
5.50
9.50
9.50
7.50
7.76
7.99
1925.00
10.05
19.99
7.49
2.99
50.00
375.00
10.99
0.97
2245.50
30.05
160.00
13.00
41.52
74.26
0.26
0.01
435.00
68.67
21.75
264.99
0.11
77.00
31.01
82.00
31.00
38.33
24.50
18.97
51.10
9.89
12.99
1.00
26.00
29.99
127.74
180.00
0.94
189.99
332.00
56.00
20.75
14.95
99.00
3.75
16.08
100.00
2.25
72.01
19.50
4.00
2.25
21.00
31.00
20.50
18.99
790.52
30.00
60.99
12.00
27.99
399.00
449.00
9.00
5.50
5.99
20.50
450.00
22.00
17.17
3105.00
1.29
6.00
0.82
295.00
80.00
3.99
9.99
1.25
62.00
8.50
351.00
9.99
0.01
4.80
4.45
3.65
4.25
10.50
3.23
4.80
3.74
79.00
13.00
510.00
65.00
8.99
40.00
4.25
0.69
44.50
0.01
9.99
9.52
39.93
120.00
118.99
18.50
225.00
7.98
10.99
15.50
14.51
94.95
2.75
1.75
199.99
9.99
42.00
2.75
100.00
39.95
3.25
115.87
89.95
22.53
23.50
5.99
13.00
165.00
85.00
4.60
175.00
4.75
498.90
30.99
46.80
12.75
13.00
33.00
2379.00
107.50
23.55
319.99
28.00
9.99
25.00
123.99
15.50
3.00
9.99
1295.00
18.99
150.00
21.00
63.00
45.00
19.51
29.99
152.50
9.99
31.92
2635.05
33.54
42.00
79.00
149.00
75.00
89.00
75.00
319.00
7.99
2.50
899.00
99.50
0.94
35.93
259.99
0.11
32.00
397.67
10.49
29.71
16.50
73.46
249.00
6.50
3.60
33.48
75.00
269.00
59.99
22.50
155.00
5.50
9.50
9.50
7.50
7.76
7.99
1925.00
10.05
19.99
7.49
2.99
50.00
375.00
10.99
0.97
2245.50
30.05
160.00
13.00
41.52
74.26
0.26
0.01
435.00
68.67
21.75
264.99
0.11
77.00
31.01
82.00
31.00
38.33
24.50
18.97
51.10
9.89
12.99
1.00
26.00
29.99
127.74
180.00
0.94
189.99
332.00
56.00
20.75
14.95
99.00
3.75
16.08
100.00
2.25
72.01
19.50
4.00
2.25
21.00
31.00
20.50
18.99
790.52
30.00
60.99
12.00
27.99
399.00
449.00
9.00
5.50
5.99
20.50
450.00
22.00
17.17
3105.00
1.29
6.00
0.82
295.00
80.00
3.99
9.99
1.25
62.00
8.50
351.00
9.99
0.01
4.80
4.45
3.65
4.25
10.50
3.23
4.80
3.74
79.00
13.00
510.00
65.00
8.99
40.00
4.25
0.69
44.50
0.01
9.99
9.52
39.93
120.00
118.99
18.50
225.00
7.98
10.99
15.50
14.51
94.95
2.75
1.75
199.99
9.99
42.00
2.75
100.00
39.95
3.25
115.87
89.95
22.53
23.50
5.99
13.00
165.00
85.00
4.60
175.00
4.75
498.90
30.99
46.80
12.75
13.00
33.00
2379.00
107.50
23.55
319.99
28.00
9.99
25.00
123.99
15.50
3.00
9.99
1295.00
18.99
150.00
21.00
63.00
45.00
19.51
29.99
152.50
9.99
31.92
2635.05
33.54
42.00
79.00
149.00
75.00
89.00
75.00
319.00
7.99
2.50
899.00
99.50
0.94
35.93
259.99
0.11
32.00
397.67
10.49
29.71
16.50
73.46
249.00
6.50
3.60
33.48
75.00
269.00
59.99
22.50
155.00
5.50
9.50
9.50
7.50
7.76
7.99
1925.00
10.05
19.99
7.49
2.99
50.00
375.00
10.99
0.97
2245.50
30.05
160.00
13.00
41.52
74.26
0.26
0.01
435.00
68.67
21.75
264.99
0.11
77.00
31.01
82.00
31.00
38.33
24.50
18.97
51.10
9.89
12.99
1.00
26.00
29.99
127.74
180.00
0.94
189.99
332.00
56.00
20.75
14.95
99.00
3.75
16.08
100.00
2.25
72.01
19.50
4.00
2.25
21.00
31.00
20.50
18.99
790.52
30.00
60.99
12.00
27.99
399.00
449.00
9.00
5.50
5.99
20.50
450.00
22.00
17.17
3105.00
1.29
6.00
0.82
295.00
80.00
3.99
9.99
1.25
62.00
8.50
351.00
9.99
0.01
4.80
4.45
3.65
4.25
10.50
3.23
4.80
3.74
79.00
13.00
510.00
65.00
8.99
40.00
4.25
0.69
44.50
0.01
9.99
9.52
39.93
120.00
118.99
18.50
225.00
7.98
10.99
15.50
14.51
94.95
2.75
1.75
199.99
9.99
42.00
2.75
100.00
39.95
3.25
115.87
89.95
22.53
23.50
5.99
13.00
165.00
85.00
4.60
175.00
4.75
498.90
30.99
46.80
12.75
13.00
33.00
2379.00
107.50
23.55
319.99
28.00
9.99
25.00
123.99
15.50
3.00
9.99
1295.00
18.99
150.00
21.00
63.00
45.00
19.51
29.99
152.50
9.99
31.92
2635.05
33.54
42.00
79.00
149.00
75.00
89.00
75.00
319.00
7.99
2.50
899.00
99.50
0.94
35.93
259.99
0.11
32.00
397.67
10.49
29.71
16.50
73.46
249.00
6.50
3.60
33.48
75.00
269.00
59.99
22.50
155.00
5.50
9.50
9.50
7.50
7.76
7.99
1925.00
10.05
19.99
7.49
2.99
50.00
375.00
10.99
0.97
2245.50
30.05
160.00
13.00
41.52
74.26
0.26
0.01
435.00
68.67
21.75
264.99
0.11
77.00
31.01
82.00
31.00
38.33
24.50
18.97
51.10
9.89
12.99
1.00
26.00
29.99
127.74
180.00
0.94
189.99
332.00
56.00
20.75
14.95
99.00
3.75
16.08
100.00
2.25
72.01
19.50
4.00
2.25
21.00
31.00
20.50
18.99
790.52
30.00
60.99
12.00
27.99
399.00
449.00
9.00
5.50
5.99
20.50
450.00
22.00
17.17
3105.00
1.29
6.00
0.82
295.00
80.00
3.99
9.99
1.25
62.00
8.50
351.00
9.99
0.01
4.80
4.45
3.65
4.25
10.50
3.23
4.80
3.74
79.00
13.00
510.00
65.00
8.99
40.00
4.25
0.69
44.50
0.01
9.99
9.52
39.93
120.00
118.99
18.50
225.00
7.98
10.99
15.50
14.51
94.95
2.75
1.75
199.99
9.99
42.00
2.75
100.00
39.95
3.25
115.87
89.95
22.53
23.50
5.99
13.00
165.00
85.00
4.60
175.00
4.75
498.90
30.99
46.80
12.75
13.00
33.00
2379.00
107.50
23.55
319.99
28.00
9.99
25.00
123.99
15.50
3.00
9.99
1295.00
18.99
150.00
21.00
63.00
45.00
19.51
29.99
152.50
9.99
31.92
2635.05
33.54
42.00
79.00
149.00
75.00
89.00
75.00
319.00
7.99
2.50
899.00
99.50
0.94
35.93
259.99
0.11
32.00
397.67
10.49
29.71
16.50
73.46
249.00
6.50
3.60
33.48
75.00
269.00
59.99
22.50
155.00
5.50
9.50
9.50
7.50
7.76
7.99
1925.00
10.05
19.99
7.49
2.99
50.00
375.00
10.99
0.97
2245.50
30.05
160.00
13.00
41.52
74.26
0.26
0.01
435.00
68.67
21.75
264.99
0.11
77.00
31.01
82.00
31.00
38.33
24.50
18.97
51.10
9.89
12.99
1.00
26.00
29.99
127.74
180.00
0.94
189.99
332.00
56.00
20.75
14.95
99.00
3.75
16.08
100.00
2.25
72.01
19.50
4.00
2.25
21.00
31.00
20.50
18.99
790.52
30.00
60.99
12.00
27.99
399.00
449.00
9.00
5.50
5.99
20.50
450.00
22.00
17.17
3105.00
1.29
6.00
0.82
295.00
80.00
3.99
9.99
1.25
62.00
8.50
351.00
9.99
0.01
4.80
4.45
3.65
4.25
10.50
3.23
4.80
3.74
79.00
13.00
510.00
65.00
8.99
40.00
4.25
0.69
44.50
0.01
9.99
9.52
39.93
120.00
118.99
18.50
225.00
7.98
10.99
15.50
14.51
94.95
2.75
1.75
199.99
9.99
42.00
2.75
100.00
39.95
3.25
115.87
89.95
22.53
23.50
5.99
13.00
165.00
85.00
4.60
175.00
4.75
498.90
30.99
46.80
12.75
13.00
33.00
2379.00
107.50
23.55
319.99
28.00
9.99
25.00
123.99
15.50
3.00
9.99
1295.00
18.99
150.00
21.00
63.00
45.00
19.51
29.99
152.50
9.99
31.92
2635.05
33.54
42.00
79.00
149.00
75.00
89.00
75.00
319.00
7.99
2.50
899.00
99.50
0.94
35.93
259.99
0.11
32.00
397.67
10.49
29.71
16.50
73.46
249.00
6.50
3.60
33.48
75.00
269.00
59.99
22.50
155.00
5.50
9.50
9.50
7.50
7.76
7.99
1925.00
10.05
19.99
7.49
2.99
50.00
375.00
10.99
0.97
2245.50
30.05
160.00
13.00
41.52
74.26
0.26
0.01
435.00
68.67
21.75
264.99
0.11
77.00
31.01
82.00
31.00
38.33
24.50
18.97
51.10
9.89
12.99
1.00
26.00
29.99
127.74
180.00
0.94
189.99
332.00
56.00
20.75
14.95
99.00
3.75
16.08
100.00
2.25
72.01
19.50
4.00
2.25
21.00
31.00
20.50
18.99
790.52
30.00
60.99
12.00
27.99
399.00
449.00
9.00
5.50
5.99
20.50
450.00
22.00
17.17
3105.00
1.29
6.00
0.82
295.00
80.00
3.99
9.99
1.25
62.00
8.50
351.00
9.99
0.01
4.80
4.45
3.65
4.25
10.50
3.23
4.80
3.74
79.00
13.00
510.00
65.00
8.99
40.00
4.25
0.69
44.50
0.01
9.99
9.52
39.93
120.00
118.99
18.50
225.00
7.98
10.99
15.50
14.51
94.95
2.75
1.75
199.99
9.99
42.00
2.75
100.00
39.95
3.25
115.87
89.95
22.53
23.50
5.99
13.00
165.00
85.00
4.60
175.00
4.75
498.90
30.99
46.80
12.75
13.00
33.00
2379.00
107.50
23.55
319.99
28.00
9.99
25.00
123.99
15.50
3.00
9.99
1295.00
18.99
150.00
21.00
63.00
45.00
19.51
29.99
152.50
9.99
31.92
2635.05
33.54
42.00
79.00
149.00
75.00
89.00
75.00
319.00
7.99
2.50
899.00
99.50
0.94
35.93
259.99
0.11
32.00
397.67
10.49
29.71
16.50
73.46
249.00
6.50
3.60
33.48
75.00
269.00
59.99
22.50
155.00
5.50
9.50
9.50
7.50
7.76
7.99
1925.00
10.05
19.99
7.49
2.99
50.00
375.00
10.99
0.97
2245.50
30.05
160.00
13.00
41.52
74.26
0.26
0.01
435.00
68.67
21.75
264.99
0.11
77.00
31.01
82.00
31.00
38.33
24.50
18.97
51.10
9.89
12.99
1.00
26.00
29.99
127.74
180.00
0.94
189.99
332.00
56.00
20.75
14.95
99.00
3.75
16.08
100.00
2.25
72.01
19.50
4.00
2.25
21.00
31.00
20.50
18.99
790.52
30.00
60.99
12.00
27.99
399.00
449.00
9.00
5.50
5.99
20.50
450.00
22.00
17.17
3105.00
1.29
6.00
0.82
295.00
80.00
3.99
9.99
1.25
62.00
8.50
351.00
9.99
0.01
4.80
4.45
3.65
4.25
10.50
3.23
4.80
3.74
79.00
13.00
510.00
65.00
8.99
40.00
4.25
0.69
44.50
0.01
9.99
9.52
39.93
120.00
118.99
18.50
225.00
7.98
10.99
15.50
14.51
94.95
2.75
1.75
199.99
9.99
42.00
2.75
100.00
39.95
3.25
115.87
89.95
22.53
23.50
5.99
13.00
165.00
85.00
4.60
175.00
4.75
498.90
30.99
46.80
12.75
13.00
33.00
2379.00
107.50
23.55
319.99
28.00
9.99
25.00
123.99
15.50
3.00
9.99
1295.00
18.99
150.00
21.00
63.00
45.00
19.51
29.99
152.50
9.99
31.92
2635.05
33.54
42.00
79.00
149.00
75.00
89.00
75.00
319.00
7.99
2.50
899.00
99.50
0.94
35.93
259.99
0.11
32.00
397.67
10.49
29.71
16.50
73.46
249.00
6.50
3.60
33.48
75.00
269.00
59.99
22.50
155.00
5.50
9.50
9.50
7.50
7.76
7.99
1925.00
10.05
19.99
7.49
2.99
50.00
375.00
10.99
0.97
2245.50
30.05
160.00
13.00
41.52
74.26
0.26
0.01
435.00
68.67
21.75
264.99
0.11
77.00
31.01
82.00
31.00
38.33
24.50
18.97
51.10
9.89
12.99
1.00
26.00
29.99
127.74
180.00
0.94
189.99
332.00
56.00
20.75
14.95
99.00
3.75
16.08
100.00
2.25
72.01
19.50
4.00
2.25
21.00
31.00
20.50
18.99
790.52
30.00
60.99
12.00
27.99
399.00
449.00
9.00
5.50
5.99
20.50
450.00
22.00
17.17
3105.00
1.29
6.00
0.82
295.00
80.00
3.99
9.99
1.25
62.00
8.50
351.00
9.99
0.01
4.80
4.45
3.65
4.25
10.50
3.23
4.80
3.74
79.00
13.00
510.00
65.00
8.99
40.00
4.25
0.69
44.50
0.01
9.99
9.52
39.93
120.00
118.99
18.50
225.00
7.98
10.99
15.50
14.51
94.95
2.75
1.75
199.99
9.99
42.00
2.75
100.00
39.95
3.25
115.87
89.95
22.53
23.50
5.99
13.00
165.00
85.00
4.60
175.00
4.75
498.90
30.99
46.80
12.75
13.00
33.00
2379.00
107.50
23.55
319.99
28.00
9.99
25.00
123.99
15.50
3.00
9.99
1295.00
18.99
150.00
21.00
63.00
45.00
19.51
29.99
152.50
9.99
31.92
2635.05
33.54
42.00
79.00
149.00
75.00
89.00
75.00
319.00
7.99
2.50
899.00
99.50
0.94
35.93
259.99
0.11
32.00
397.67
10.49
29.71
16.50
73.46
249.00
6.50
3.60
33.48
75.00
269.00
59.99
22.50
155.00
5.50
9.50
9.50
7.50
7.76
7.99
1925.00
10.05
19.99
7.49
2.99
50.00
375.00
10.99
0.97
2245.50
30.05
160.00
13.00
41.52
74.26
0.26
0.01
435.00
68.67
21.75
264.99
0.11
77.00
31.01
82.00
31.00
38.33
24.50
18.97
51.10
9.89
12.99
1.00
26.00
29.99
127.74
180.00
0.94
189.99
332.00
56.00
20.75
14.95
99.00
3.75
16.08
100.00
2.25
72.01
19.50
4.00
2.25
21.00
31.00
20.50
18.99
790.52
30.00
60.99
12.00
27.99
399.00
449.00
9.00
5.50
5.99
20.50
450.00
22.00
17.17
3105.00
1.29
6.00
0.82
295.00
80.00
3.99
9.99
1.25
62.00
8.50
351.00
9.99
0.01
4.80
4.45
3.65
4.25
10.50
3.23
4.80
3.74
79.00
13.00
510.00
65.00
8.99
40.00
4.25
0.69
44.50
0.01
9.99
9.52
39.93
120.00
118.99
18.50
225.00
7.98
10.99
15.50
14.51
94.95
2.75
1.75
199.99
9.99
42.00
2.75
100.00
39.95
3.25
115.87
89.95
22.53
23.50
5.99
13.00
165.00
85.00
4.60
175.00
4.75
498.90
30.99
46.80
12.75
13.00
33.00
2379.00
107.50
23.55
319.99
28.00
9.99
25.00
123.99
15.50
3.00
9.99
1295.00
18.99
150.00
21.00
63.00
45.00
19.51
29.99
152.50
9.99
31.92
2635.05
33.54
42.00
79.00
149.00
75.00
89.00
75.00
319.00
7.99
2.50
899.00
99.50
0.94
35.93
259.99
0.11
32.00
397.67
10.49
29.71
16.50
73.46
249.00
6.50
3.60
33.48
75.00
269.00
59.99
22.50
155.00
5.50
9.50
9.50
7.50
7.76
7.99
1925.00
10.05
19.99
7.49
2.99
50.00
375.00
10.99
0.97
2245.50
30.05
160.00
13.00
41.52
74.26
0.26
0.01
435.00
68.67
21.75
264.99
0.11
77.00
31.01
82.00
31.00
38.33
24.50
18.97
51.10
9.89
12.99
1.00
26.00
29.99
127.74
180.00
0.94
189.99
332.00
56.00
20.75
14.95
99.00
3.75
16.08
100.00
2.25
72.01
19.50
4.00
2.25
21.00
31.00
20.50
18.99
790.52
30.00
60.99
12.00
27.99
399.00
449.00
9.00
5.50
5.99
20.50
450.00
22.00
17.17
3105.00
1.29
6.00
0.82
295.00
80.00
3.99
9.99
1.25
62.00
8.50
351.00
9.99
0.01
4.80
4.45
3.65
4.25
10.50
3.23
4.80
3.74
79.00
13.00
510.00
65.00
8.99
40.00
4.25
0.69
44.50
0.01
9.99
9.52
39.93
120.00
118.99
18.50
225.00
7.98
10.99
15.50
14.51
94.95
2.75
1.75
199.99
9.99
42.00
2.75
100.00
39.95
3.25
115.87
89.95
22.53
23.50
5.99
13.00
165.00
85.00
4.60
175.00
4.75
498.90
30.99
46.80
12.75
13.00
33.00
2379.00
107.50
23.55
319.99
28.00
9.99
25.00
123.99
15.50
3.00
9.99
1295.00
18.99
150.00
21.00
63.00
45.00
19.51
29.99
152.50
9.99
31.92
2635.05
33.54
42.00
79.00
149.00
75.00
89.00
75.00
319.00
7.99
2.50
899.00
99.50
0.94
35.93
259.99
0.11
32.00
397.67
10.49
29.71
16.50
73.46
249.00
6.50
3.60
33.48
75.00
269.00
59.99
22.50
155.00
5.50
9.50
9.50
7.50
7.76
7.99
1925.00
10.05
19.99
7.49
2.99
50.00
375.00
10.99
0.97
2245.50
30.05
160.00
13.00
41.52
74.26
0.26
0.01
435.00
68.67
21.75
264.99
0.11
77.00
31.01
82.00
31.00
38.33
24.50
18.97
51.10
9.89
12.99
1.00
26.00
29.99
127.74
180.00
0.94
189.99
332.00
56.00
20.75
14.95
99.00
3.75
16.08
100.00
2.25
72.01
19.50
4.00
2.25
21.00
31.00
20.50
18.99
790.52
30.00
60.99
12.00
27.99
399.00
449.00
9.00
5.50
5.99
20.50
450.00
22.00
17.17
3105.00
1.29
6.00
0.82
295.00
80.00
3.99
9.99
1.25
62.00
8.50
351.00
9.99
0.01
4.80
4.45
3.65
4.25
10.50
3.23
4.80
3.74
79.00
13.00
510.00
65.00
8.99
40.00
4.25
0.69
44.50
0.01
9.99
9.52
39.93
120.00
118.99
18.50
225.00
7.98
10.99
15.50
14.51
94.95
2.75
1.75
199.99
9.99
42.00
2.75
100.00
39.95
3.25
115.87
89.95
22.53
23.50
5.99
13.00
165.00
85.00
4.60
175.00
4.75
498.90
30.99
46.80
12.75
13.00
33.00
2379.00
107.50
23.55
319.99
28.00
9.99
25.00
123.99
15.50
3.00
9.99
1295.00
18.99
150.00
21.00
63.00
45.00
19.51
29.99
152.50
9.99
31.92
2635.05
33.54
42.00
79.00
149.00
75.00
89.00
75.00
319.00
7.99
2.50
899.00
99.50
0.94
35.93
259.99
0.11
32.00
397.67
10.49
29.71
16.50
73.46
249.00
6.50
3.60
33.48
75.00
269.00
59.99
22.50
155.00
5.50
9.50
9.50
7.50
7.76
7.99
1925.00
10.05
19.99
7.49
2.99
50.00
375.00
10.99
0.97
2245.50
30.05
160.00
13.00
41.52
74.26
0.26
0.01
435.00
68.67
21.75
264.99
0.11
77.00
31.01
82.00
31.00
38.33
24.50
18.97
51.10
9.89
12.99
1.00
26.00
29.99
127.74
180.00
0.94
189.99
332.00
56.00
20.75
14.95
99.00
3.75
16.08
100.00
2.25
72.01
19.50
4.00
2.25
21.00
31.00
20.50
18.99
790.52
30.00
60.99
12.00
27.99
399.00
449.00
9.00
5.50
5.99
20.50
450.00
22.00
17.17
3105.00
1.29
6.00
0.82
295.00
80.00
3.99
9.99
1.25
62.00
8.50
351.00
9.99
0.01
4.80
4.45
3.65
4.25
10.50
3.23
4.80
3.74
79.00
13.00
510.00
65.00
8.99
40.00
4.25
0.69
44.50
0.01
9.99
9.52
39.93
120.00
118.99
18.50
225.00
7.98
10.99
15.50
14.51
94.95
2.75
1.75
199.99
9.99
42.00
2.75
100.00
39.95
3.25
115.87
89.95
22.53
23.50
5.99
13.00
165.00
85.00
4.60
175.00
4.75
498.90
30.99
46.80
12.75
13.00
33.00
2379.00
107.50
23.55
319.99
28.00
9.99
25.00
123.99
15.50
3.00
9.99
1295.00
18.99
150.00
21.00
63.00
45.00
19.51
29.99
152.50
9.99
31.92
2635.05
33.54
42.00
79.00
149.00
75.00
89.00
75.00
319.00
7.99
2.50
899.00
99.50
0.94
35.93
259.99
0.11
32.00
397.67
10.49
29.71
16.50
73.46
249.00
6.50
3.60
33.48
75.00
269.00
59.99
22.50
155.00
5.50
9.50
9.50
7.50
7.76
7.99
1925.00
10.05
19.99
7.49
2.99
50.00
375.00
10.99
0.97
2245.50
30.05
160.00
13.00
41.52
74.26
0.26
0.01
435.00
68.67
21.75
264.99
0.11
77.00
31.01
82.00
31.00
38.33
24.50
18.97
51.10
9.89
12.99
1.00
26.00
29.99
127.74
180.00
0.94
189.99
332.00
56.00
20.75
14.95
99.00
3.75
16.08
100.00
2.25
72.01
19.50
4.00
2.25
21.00
31.00
20.50
18.99
790.52
30.00
60.99
12.00
27.99
399.00
449.00
9.00
5.50
5.99
20.50
450.00
22.00
17.17
3105.00
1.29
6.00
0.82
295.00
80.00
3.99
9.99
1.25
62.00
8.50
351.00
9.99
0.01
4.80
4.45
3.65
4.25
10.50
3.23
4.80
3.74
79.00
13.00
510.00
65.00
8.99
40.00
4.25
0.69
44.50
0.01
9.99
9.52
39.93
120.00
118.99
18.50
225.00
7.98
10.99
15.50
14.51
94.95
2.75
1.75
199.99
9.99
42.00
2.75
100.00
39.95
3.25
115.87
89.95
22.53
23.50
5.99
13.00
165.00
85.00
4.60
175.00
4.75
498.90
30.99
46.80
12.75
13.00
33.00
2379.00
107.50
23.55
319.99
28.00
9.99
25.00
123.99
15.50
3.00
9.99
1295.00
18.99
150.00
21.00
63.00
45.00
19.51
29.99
152.50
9.99
31.92
2635.05
33.54
42.00
79.00
149.00
75.00
89.00
75.00
319.00
7.99
2.50
899.00
99.50
0.94
35.93
259.99
0.11
32.00
397.67
10.49
29.71
16.50
73.46
249.00
6.50
3.60
33.48
75.00
269.00
59.99
22.50
155.00
5.50
9.50
9.50
7.50
7.76
7.99
1925.00
10.05
19.99
7.49
2.99
50.00
375.00
10.99
0.97
2245.50
30.05
160.00
13.00
41.52
74.26
0.26
0.01
435.00
68.67
21.75
264.99
0.11
77.00
31.01
82.00
31.00
38.33
24.50
18.97
51.10
9.89
12.99
1.00
26.00
29.99
127.74
180.00
0.94
189.99
332.00
56.00
20.75
14.95
99.00
3.75
16.08
100.00
2.25
72.01
19.50
4.00
2.25
21.00
31.00
20.50
18.99
790.52
30.00
60.99
12.00
27.99
399.00
449.00
9.00
5.50
5.99
20.50
450.00
22.00
17.17
3105.00
1.29
6.00
0.82
295.00
80.00
3.99
9.99
1.25
62.00
8.50
351.00
9.99
0.01
4.80
4.45
3.65
4.25
10.50
3.23
4.80
3.74
79.00
13.00
510.00
65.00
8.99
40.00
4.25
0.69
44.50
0.01
9.99
9.52
39.93
120.00
118.99
18.50
225.00
7.98
10.99
15.50
14.51
94.95
2.75
1.75
199.99
9.99
42.00
2.75
100.00
39.95
3.25
115.87
89.95
22.53
23.50
5.99
13.00
165.00
85.00
4.60
175.00
4.75
498.90
30.99
46.80
12.75
13.00
33.00
2379.00
107.50
23.55
319.99
28.00
9.99
25.00
123.99
15.50
3.00
9.99
1295.00
18.99
150.00
21.00
63.00
45.00
19.51
29.99
152.50
9.99
31.92
2635.05
33.54
42.00
79.00
149.00
75.00
89.00
75.00
319.00
7.99
2.50
899.00
99.50
0.94
35.93
259.99
0.11
32.00
397.67
10.49
29.71
16.50
73.46
249.00
6.50
3.60
33.48
75.00
269.00
59.99
22.50
155.00
5.50
9.50
9.50
7.50
7.76
7.99
1925.00
10.05
19.99
7.49
2.99
50.00
375.00
10.99
0.97
2245.50
30.05
160.00
13.00
41.52
74.26
0.26
0.01
435.00
68.67
21.75
264.99
0.11
77.00
31.01
82.00
31.00
38.33
24.50
18.97
51.10
9.89
12.99
1.00
26.00
29.99
127.74
180.00
0.94
189.99
332.00
56.00
20.75
14.95
99.00
3.75
16.08
100.00
2.25
72.01
19.50
4.00
2.25
21.00
31.00
20.50
18.99
790.52
30.00
60.99
12.00
27.99
399.00
449.00
9.00
5.50
5.99
20.50
450.00
22.00
17.17
3105.00
1.29
6.00
0.82
295.00
80.00
3.99
9.99
1.25
62.00
8.50
351.00
9.99
0.01
4.80
4.45
3.65
4.25
10.50
3.23
4.80
3.74
79.00
13.00
510.00
65.00
8.99
40.00
4.25
0.69
44.50
0.01
9.99
9.52
39.93
120.00
118.99
18.50
225.00
7.98
10.99
15.50
14.51
94.95
2.75
1.75
199.99
9.99
42.00
2.75
100.00
39.95
3.25
115.87
89.95
22.53
23.50
5.99
13.00
165.00
85.00
4.60
175.00
4.75
498.90
30.99
46.80
12.75
13.00
33.00
2379.00
107.50
23.55
319.99
28.00
9.99
25.00
123.99
15.50
3.00
9.99
1295.00
18.99
150.00
21.00
63.00
45.00
19.51
29.99
152.50
9.99
31.92
2635.05
33.54
42.00
79.00
149.00
75.00
89.00
75.00
319.00
7.99
2.50
899.00
99.50
0.94
35.93
259.99
0.11
32.00
397.67
10.49
29.71
16.50
73.46
249.00
6.50
3.60
33.48
75.00
269.00
59.99
22.50
155.00
5.50
9.50
9.50
7.50
7.76
7.99
1925.00
10.05
19.99
7.49
2.99
50.00
375.00
10.99
0.97
2245.50
30.05
160.00
13.00
41.52
74.26
0.26
0.01
435.00
68.67
21.75
264.99
0.11
77.00
31.01
82.00
31.00
38.33
24.50
18.97
51.10
9.89
12.99
1.00
26.00
29.99
127.74
180.00
0.94
189.99
332.00
56.00
20.75
14.95
99.00
3.75
16.08
100.00
2.25
72.01
19.50
4.00
2.25
21.00
31.00
20.50
18.99
790.52
30.00
60.99
12.00
27.99
399.00
449.00
9.00
5.50
5.99
20.50
450.00
22.00
17.17
3105.00
1.29
6.00
0.82
295.00
80.00
3.99
9.99
1.25
62.00
8.50
351.00
9.99
0.01
4.80
4.45
3.65
4.25
10.50
3.23
4.80
3.74
79.00
13.00
510.00
65.00
8.99
40.00
4.25
0.69
44.50
0.01
9.99
9.52
39.82
120.00
118.99
18.50
225.00
7.98
10.99
15.50
14.51
94.95
2.75
1.75
199.99
9.99
42.00
2.75
100.00
39.95
3.25
115.87
89.95
22.53
23.50
5.99
13.00
165.00
85.00
4.60
175.00
4.75
498.90
30.99
46.80
12.75
13.00
33.00
2379.00
107.50
23.55
319.99
28.00
9.99
25.00
123.99
15.50
3.00
9.99
1295.00
18.99
150.00
21.00
63.00
45.00
19.51
29.99
152.50
9.99
31.84
2628.29
33.45
42.00
79.00
149.00
75.00
89.00
75.00
319.00
7.99
2.50
899.00
99.50
0.94
35.84
259.99
0.11
32.00
397.67
10.49
29.71
16.50
73.27
249.00
6.50
3.60
33.48
75.00
269.00
59.99
22.50
155.00
5.50
9.50
9.50
7.50
7.76
7.99
1925.00
10.05
19.99
7.49
2.98
50.00
375.00
10.99
0.97
2245.50
30.05
160.00
13.00
41.42
74.07
0.26
0.01
435.00
68.49
21.75
264.99
0.11
77.00
31.01
82.00
31.00
38.23
24.50
18.97
50.97
9.89
12.99
1.00
26.00
29.99
127.42
180.00
0.94
189.99
332.00
56.00
20.75
14.95
99.00
3.75
16.08
100.00
2.25
72.01
19.50
4.00
2.25
21.00
31.00
20.50
18.99
788.49
30.00
60.99
12.00
27.99
399.00
449.00
9.00
5.50
5.99
20.50
450.00
22.00
17.12
3105.00
1.29
6.00
0.82
295.00
80.00
3.99
9.99
1.25
62.00
8.50
351.00
9.99
0.01
4.80
4.45
3.65
4.25
10.50
3.23
4.80
3.74
79.00
13.00
510.00
65.00
8.99
40.00
4.25
0.69
44.50
0.01
9.99
9.52
39.82
120.00
118.99
18.50
225.00
7.98
10.99
15.50
14.51
94.95
2.75
1.75
199.99
9.99
42.00
2.75
100.00
39.95
3.25
115.87
89.95
22.53
23.50
5.99
13.00
165.00
85.00
4.60
175.00
4.75
498.90
30.99
46.80
12.75
13.00
33.00
2379.00
107.50
23.55
319.99
28.00
9.99
25.00
123.99
15.50
3.00
9.99
1295.00
18.99
150.00
21.00
63.00
45.00
19.51
29.99
152.50
9.99
31.84
2628.29
33.45
42.00
79.00
149.00
75.00
89.00
75.00
319.00
7.99
2.50
899.00
99.50
0.94
35.84
259.99
0.11
32.00
397.67
10.49
29.71
16.50
73.27
249.00
6.50
3.60
33.48
75.00
269.00
59.99
22.50
155.00
5.50
9.50
9.50
7.50
7.76
7.99
1925.00
10.05
19.99
7.49
2.98
50.00
375.00
10.99
0.97
2245.50
30.05
160.00
13.00
41.42
74.07
0.26
0.01
435.00
68.49
21.75
264.99
0.11
77.00
31.01
82.00
31.00
38.23
24.50
18.97
50.97
9.89
12.99
1.00
26.00
29.99
127.42
180.00
0.94
189.99
332.00
56.00
20.75
14.95
99.00
3.75
16.08
100.00
2.25
72.01
19.50
4.00
2.25
21.00
31.00
20.50
18.99
788.49
30.00
60.99
12.00
27.99
399.00
449.00
9.00
5.50
5.99
20.50
450.00
22.00
17.12
3105.00
1.29
6.00
0.82
295.00
80.00
3.99
9.99
1.25
62.00
8.50
351.00
9.99
0.01
4.80
4.45
3.65
4.25
10.50
3.23
4.80
3.74
79.00
13.00
510.00
65.00
8.99
40.00
4.25
0.69
44.50
0.01
9.99
9.52
39.82
120.00
118.99
18.50
225.00
7.98
10.99
15.50
14.51
94.95
2.75
1.75
199.99
9.99
42.00
2.75
100.00
39.95
3.25
115.87
89.95
22.53
23.50
5.99
13.00
165.00
85.00
4.60
175.00
4.75
498.90
30.99
46.80
12.75
13.00
33.00
2379.00
107.50
23.55
319.99
28.00
9.99
25.00
123.99
15.50
3.00
9.99
1295.00
18.99
150.00
21.00
63.00
45.00
19.51
29.99
152.50
9.99
31.84
2628.29
33.45
42.00
79.00
149.00
75.00
89.00
75.00
319.00
7.99
2.50
899.00
99.50
0.94
35.84
259.99
0.11
32.00
397.67
10.49
29.71
16.50
73.27
249.00
6.50
3.60
33.48
75.00
269.00
59.99
22.50
155.00
5.50
9.50
9.50
7.50
7.76
7.99
1925.00
10.05
19.99
7.49
2.98
50.00
375.00
10.99
0.97
2245.50
30.05
160.00
13.00
41.42
74.07
0.26
0.01
435.00
68.49
21.75
264.99
0.11
77.00
31.01
82.00
31.00
38.23
24.50
18.97
50.97
9.89
12.99
1.00
26.00
29.99
127.42
180.00
0.94
189.99
332.00
56.00
20.75
14.95
99.00
3.75
16.08
100.00
2.25
72.01
19.50
4.00
2.25
21.00
31.00
20.50
18.99
788.49
30.00
60.99
12.00
27.99
399.00
449.00
9.00
5.50
5.99
20.50
450.00
22.00
17.12
3105.00
1.29
6.00
0.82
295.00
80.00
3.99
9.99
1.25
62.00
8.50
351.00
9.99
0.01
4.80
4.45
3.65
4.25
10.50
3.23
4.80
3.74
79.00
13.00
510.00
65.00
8.99
40.00
4.25
0.69
44.50
0.01
9.99
9.52
39.82
120.00
118.99
18.50
225.00
7.98
10.99
15.50
14.51
94.95
2.75
1.75
199.99
9.99
42.00
2.75
100.00
39.95
3.25
115.87
89.95
22.53
23.50
5.99
13.00
165.00
85.00
4.60
175.00
4.75
498.90
30.99
46.80
12.75
13.00
33.00
2379.00
107.50
23.55
319.99
28.00
9.99
25.00
123.99
15.50
3.00
9.99
1295.00
18.99
150.00
21.00
63.00
45.00
19.51
29.99
152.50
9.99
31.84
2628.29
33.45
42.00
79.00
149.00
75.00
89.00
75.00
319.00
7.99
2.50
899.00
99.50
0.94
35.84
259.99
0.11
32.00
397.67
10.49
29.71
16.50
73.27
249.00
6.50
3.60
33.48
75.00
269.00
59.99
22.50
155.00
5.50
9.50
9.50
7.50
7.76
7.99
1925.00
10.05
19.99
7.49
2.98
50.00
375.00
10.99
0.97
2245.50
30.05
160.00
13.00
41.42
74.07
0.26
0.01
435.00
68.49
21.75
264.99
0.11
77.00
31.01
82.00
31.00
38.23
24.50
18.97
50.97
9.89
12.99
1.00
26.00
29.99
127.42
180.00
0.94
189.99
332.00
56.00
20.75
14.95
99.00
3.75
16.08
100.00
2.25
72.01
19.50
4.00
2.25
21.00
31.00
20.50
18.99
788.49
30.00
60.99
12.00
27.99
399.00
449.00
9.00
5.50
5.99
20.50
450.00
22.00
17.12
3105.00
1.29
6.00
0.82
295.00
80.00
3.99
9.99
1.25
62.00
8.50
351.00
9.99
0.01
4.80
4.45
3.65
4.25
10.50
3.23
4.80
3.74
79.00
13.00
510.00
65.00
8.99
40.00
4.25
0.69
44.50
0.01
9.99
9.52
39.82
120.00
118.99
18.50
225.00
7.98
10.99
15.50
14.51
94.95
2.75
1.75
199.99
9.99
42.00
2.75
100.00
39.95
3.25
115.87
89.95
22.53
23.50
5.99
13.00
165.00
85.00
4.60
175.00
4.75
498.90
30.99
46.80
12.75
13.00
33.00
2379.00
107.50
23.55
319.99
28.00
9.99
25.00
123.99
15.50
3.00
9.99
1295.00
18.99
150.00
21.00
63.00
45.00
19.51
29.99
152.50
9.99
31.84
2628.29
33.45
42.00
79.00
149.00
75.00
89.00
75.00
319.00
7.99
2.50
899.00
99.50
0.94
35.84
259.99
0.11
32.00
397.67
10.49
29.71
16.50
73.27
249.00
6.50
3.60
33.48
75.00
269.00
59.99
22.50
155.00
5.50
9.50
9.50
7.50
7.76
7.99
1925.00
10.05
19.99
7.49
2.98
50.00
375.00
10.99
0.97
2245.50
30.05
160.00
13.00
41.42
74.07
0.26
0.01
435.00
68.49
21.75
264.99
0.11
77.00
31.01
82.00
31.00
38.23
24.50
18.97
50.97
9.89
12.99
1.00
26.00
29.99
127.42
180.00
0.94
189.99
332.00
56.00
20.75
14.95
99.00
3.75
16.08
100.00
2.25
72.01
19.50
4.00
2.25
21.00
31.00
20.50
18.99
788.49
30.00
60.99
12.00
27.99
399.00
449.00
9.00
5.50
5.99
20.50
450.00
22.00
17.12
3105.00
1.29
6.00
0.82
295.00
80.00
3.99
9.99
1.25
62.00
8.50
351.00
9.99
0.01
4.80
4.45
3.65
4.25
10.50
3.23
4.80
3.74
79.00
13.00
510.00
65.00
8.99
40.00
4.25
0.69
44.50
0.01
9.99
9.52
39.82
120.00
118.99
18.50
225.00
7.98
10.99
15.50
14.51
94.95
2.75
1.75
199.99
9.99
42.00
2.75
100.00
39.95
3.25
115.87
89.95
22.53
23.50
5.99
13.00
165.00
85.00
4.60
175.00
4.75
498.90
30.99
46.80
12.75
13.00
33.00
2379.00
107.50
23.55
319.99
28.00
9.99
25.00
123.99
15.50
3.00
9.99
1295.00
18.99
150.00
21.00
63.00
45.00
19.51
29.99
152.50
9.99
31.84
2628.29
33.45
42.00
79.00
149.00
75.00
89.00
75.00
319.00
7.99
2.50
899.00
99.50
0.94
35.84
259.99
0.11
32.00
397.67
10.49
29.71
16.50
73.27
249.00
6.50
3.60
33.48
75.00
269.00
59.99
22.50
155.00
5.50
9.50
9.50
7.50
7.76
7.99
1925.00
10.05
19.99
7.49
2.98
50.00
375.00
10.99
0.97
2245.50
30.05
160.00
13.00
41.42
74.07
0.26
0.01
435.00
68.49
21.75
264.99
0.11
77.00
31.01
82.00
31.00
38.23
24.50
18.97
50.97
9.89
12.99
1.00
26.00
29.99
127.42
180.00
0.94
189.99
332.00
56.00
20.75
14.95
99.00
3.75
16.08
100.00
2.25
72.01
19.50
4.00
2.25
21.00
31.00
20.50
18.99
788.49
30.00
60.99
12.00
27.99
399.00
449.00
9.00
5.50
5.99
20.50
450.00
22.00
17.12
3105.00
1.29
6.00
0.82
295.00
80.00
3.99
9.99
1.25
62.00
8.50
351.00
9.99
0.01
4.80
4.45
3.65
4.25
10.50
3.23
4.80
3.74
79.00
13.00
510.00
65.00
8.99
40.00
4.25
0.69
44.50
0.01
9.99
9.52
39.82
120.00
118.99
18.50
225.00
7.98
10.99
15.50
14.51
94.95
2.75
1.75
199.99
9.99
42.00
2.75
100.00
39.95
3.25
115.87
89.95
22.53
23.50
5.99
13.00
165.00
85.00
4.60
175.00
4.75
498.90
30.99
46.80
12.75
13.00
33.00
2379.00
107.50
23.55
319.99
28.00
9.99
25.00
123.99
15.50
3.00
9.99
1295.00
18.99
150.00
21.00
63.00
45.00
19.51
29.99
152.50
9.99
31.84
2628.29
33.45
42.00
79.00
149.00
75.00
89.00
75.00
319.00
7.99
2.50
899.00
99.50
0.94
35.84
259.99
0.11
32.00
397.67
10.49
29.71
16.50
73.27
249.00
6.50
3.60
33.48
75.00
269.00
59.99
22.50
155.00
5.50
9.50
9.50
7.50
7.76
7.99
1925.00
10.05
19.99
7.49
2.98
50.00
375.00
10.99
0.97
2245.50
30.05
160.00
13.00
41.42
74.07
0.26
0.01
435.00
68.49
21.75
264.99
0.11
77.00
31.01
82.00
31.00
38.23
24.50
18.97
50.97
9.89
12.99
1.00
26.00
29.99
127.42
180.00
0.94
189.99
332.00
56.00
20.75
14.95
99.00
3.75
16.08
100.00
2.25
72.01
19.50
4.00
2.25
21.00
31.00
20.50
18.99
788.49
30.00
60.99
12.00
27.99
399.00
449.00
9.00
5.50
5.99
20.50
450.00
22.00
17.12
3105.00
1.29
6.00
0.82
295.00
80.00
3.99
9.99
1.25
62.00
8.50
351.00
9.99
0.01
4.80
4.45
3.65
4.25
10.50
3.23
4.80
3.74
79.00
13.00
510.00
65.00
8.99
40.00
4.25
0.69
44.50
0.01
9.99
9.52
39.82
120.00
118.99
18.50
225.00
7.98
10.99
15.50
14.51
94.95
2.75
1.75
199.99
9.99
42.00
2.75
100.00
39.95
3.25
115.87
89.95
22.53
23.50
5.99
13.00
165.00
85.00
4.60
175.00
4.75
498.90
30.99
46.80
12.75
13.00
33.00
2379.00
107.50
23.55
319.99
28.00
9.99
25.00
123.99
15.50
3.00
9.99
1295.00
18.99
150.00
21.00
63.00
45.00
19.51
29.99
152.50
9.99
31.84
2628.29
33.45
42.00
79.00
149.00
75.00
89.00
75.00
319.00
7.99
2.50
899.00
99.50
0.94
35.84
259.99
0.11
32.00
397.67
10.49
29.71
16.50
73.27
249.00
6.50
3.60
33.48
75.00
269.00
59.99
22.50
155.00
5.50
9.50
9.50
7.50
7.76
7.99
1925.00
10.05
19.99
7.49
2.98
50.00
375.00
10.99
0.97
2245.50
30.05
160.00
13.00
41.42
74.07
0.26
0.01
435.00
68.49
21.75
264.99
0.11
77.00
31.01
82.00
31.00
38.23
24.50
18.97
50.97
9.89
12.99
1.00
26.00
29.99
127.42
180.00
0.94
189.99
332.00
56.00
20.75
14.95
99.00
3.75
16.08
100.00
2.25
72.01
19.50
4.00
2.25
21.00
31.00
20.50
18.99
788.49
30.00
60.99
12.00
27.99
399.00
449.00
9.00
5.50
5.99
20.50
450.00
22.00
17.12
3105.00
1.29
6.00
0.82
295.00
80.00
3.99
9.99
1.25
62.00
8.50
351.00
9.99
0.01
4.80
4.45
3.65
4.25
10.50
3.23
4.80
3.74
79.00
13.00
510.00
65.00
8.99
40.00
4.25
0.69
44.50
0.01
9.99
9.52
39.82
120.00
118.99
18.50
225.00
7.98
10.99
15.50
14.51
94.95
2.75
1.75
199.99
9.99
42.00
2.75
100.00
39.95
3.25
115.87
89.95
22.53
23.50
5.99
13.00
165.00
85.00
4.60
175.00
4.75
498.90
30.99
46.80
12.75
13.00
33.00
2379.00
107.50
23.55
319.99
28.00
9.99
25.00
123.99
15.50
3.00
9.99
1295.00
18.99
150.00
21.00
63.00
45.00
19.51
29.99
152.50
9.99
31.84
2628.29
33.45
42.00
79.00
149.00
75.00
89.00
75.00
319.00
7.99
2.50
899.00
99.50
0.94
35.84
259.99
0.11
32.00
397.67
10.49
29.71
16.50
73.27
249.00
6.50
3.60
33.48
75.00
269.00
59.99
22.50
155.00
5.50
9.50
9.50
7.50
7.76
7.99
1925.00
10.05
19.99
7.49
2.98
50.00
375.00
10.99
0.97
2245.50
30.05
160.00
13.00
41.42
74.07
0.26
0.01
435.00
68.49
21.75
264.99
0.11
77.00
31.01
82.00
31.00
38.23
24.50
18.97
50.97
9.89
12.99
1.00
26.00
29.99
127.42
180.00
0.94
189.99
332.00
56.00
20.75
14.95
99.00
3.75
16.08
100.00
2.25
72.01
19.50
4.00
2.25
21.00
31.00
20.50
18.99
788.49
30.00
60.99
12.00
27.99
399.00
449.00
9.00
5.50
5.99
20.50
450.00
22.00
17.12
3105.00
1.29
6.00
0.82
295.00
80.00
3.99
9.99
1.25
62.00
8.50
351.00
9.99
0.01
4.80
4.45
3.65
4.25
10.50
3.23
4.80
3.74
79.00
13.00
510.00
65.00
8.99
40.00
4.25
0.69
44.50
0.01
9.99
9.52
39.82
120.00
118.99
18.50
225.00
7.98
10.99
15.50
14.51
94.95
2.75
1.75
199.99
9.99
42.00
2.75
100.00
39.95
3.25
115.87
89.95
22.53
23.50
5.99
13.00
165.00
85.00
4.60
175.00
4.75
498.90
30.99
46.80
12.75
13.00
33.00
2379.00
107.50
23.55
319.99
28.00
9.99
25.00
123.99
15.50
3.00
9.99
1295.00
18.99
150.00
21.00
63.00
45.00
19.51
29.99
152.50
9.99
31.84
2628.29
33.45
42.00
79.00
149.00
75.00
89.00
75.00
319.00
7.99
2.50
899.00
99.50
0.94
35.84
259.99
0.11
32.00
397.67
10.49
29.71
16.50
73.27
249.00
6.50
3.60
33.48
75.00
269.00
59.99
22.50
155.00
5.50
9.50
9.50
7.50
7.76
7.99
1925.00
10.05
19.99
7.49
2.98
50.00
375.00
10.99
0.97
2245.50
30.05
160.00
13.00
41.42
74.07
0.26
0.01
435.00
68.49
21.75
264.99
0.11
77.00
31.01
82.00
31.00
38.23
24.50
18.97
50.97
9.89
12.99
1.00
26.00
29.99
127.42
180.00
0.94
189.99
332.00
56.00
20.75
14.95
99.00
3.75
16.08
100.00
2.25
72.01
19.50
4.00
2.25
21.00
31.00
20.50
18.99
788.49
30.00
60.99
12.00
27.99
399.00
449.00
9.00
5.50
5.99
20.50
450.00
22.00
17.12
3105.00
1.29
6.00
0.82
295.00
80.00
3.99
9.99
1.25
62.00
8.50
351.00
9.99
0.01
4.80
4.45
3.65
4.25
10.50
3.23
4.80
3.74
79.00
13.00
510.00
65.00
8.99
40.00
4.25
0.69
44.50
0.01
9.99
9.52
39.82
120.00
118.99
18.50
225.00
7.98
10.99
15.50
14.51
94.95
2.75
1.75
199.99
9.99
42.00
2.75
100.00
39.95
3.25
115.87
89.95
22.53
23.50
5.99
13.00
165.00
85.00
4.60
175.00
4.75
498.90
30.99
46.80
12.75
13.00
33.00
2379.00
107.50
23.55
319.99
28.00
9.99
25.00
123.99
15.50
3.00
9.99
1295.00
18.99
150.00
21.00
63.00
45.00
19.51
29.99
152.50
9.99
31.84
2628.29
33.45
42.00
79.00
149.00
75.00
89.00
75.00
319.00
7.99
2.50
899.00
99.50
0.94
35.84
259.99
0.11
32.00
397.67
10.49
29.71
16.50
73.27
249.00
6.50
3.60
33.48
75.00
269.00
59.99
22.50
155.00
5.50
9.50
9.50
7.50
7.76
7.99
1925.00
10.05
19.99
7.49
2.98
50.00
375.00
10.99
0.97
2245.50
30.05
160.00
13.00
41.42
74.07
0.26
0.01
435.00
68.49
21.75
264.99
0.11
77.00
31.01
82.00
31.00
38.23
24.50
18.97
50.97
9.89
12.99
1.00
26.00
29.99
127.42
180.00
0.94
189.99
332.00
56.00
20.75
14.95
99.00
3.75
16.08
100.00
2.25
72.01
19.50
4.00
2.25
21.00
31.00
20.50
18.99
788.49
30.00
60.99
12.00
27.99
399.00
449.00
9.00
5.50
5.99
20.50
450.00
22.00
17.12
3105.00
1.29
6.00
0.82
295.00
80.00
3.99
9.99
1.25
62.00
8.50
351.00
9.99
0.01
4.80
4.45
3.65
4.25
10.50
3.23
4.80
3.74
79.00
13.00
510.00
65.00
8.99
40.00
4.25
0.69
44.50
0.01
9.99
9.52
39.82
120.00
118.99
18.50
225.00
7.98
10.99
15.50
14.51
94.95
2.75
1.75
199.99
9.99
42.00
2.75
100.00
39.95
3.25
115.87
89.95
22.53
23.50
5.99
13.00
165.00
85.00
4.60
175.00
4.75
498.90
30.99
46.80
12.75
13.00
33.00
2379.00
107.50
23.55
319.99
28.00
9.99
25.00
123.99
15.50
3.00
9.99
1295.00
18.99
150.00
21.00
63.00
45.00
19.51
29.99
152.50
9.99
31.84
2628.29
33.45
42.00
79.00
149.00
75.00
89.00
75.00
319.00
7.99
2.50
899.00
99.50
0.94
35.84
259.99
0.11
32.00
397.67
10.49
29.71
16.50
73.27
249.00
6.50
3.60
33.48
75.00
269.00
59.99
22.50
155.00
5.50
9.50
9.50
7.50
7.76
7.99
1925.00
10.05
19.99
7.49
2.98
50.00
375.00
10.99
0.97
2245.50
30.05
160.00
13.00
41.42
74.07
0.26
0.01
435.00
68.49
21.75
264.99
0.11
77.00
31.01
82.00
31.00
38.23
24.50
18.97
50.97
9.89
12.99
1.00
26.00
29.99
127.42
180.00
0.94
189.99
332.00
56.00
20.75
14.95
99.00
3.75
16.08
100.00
2.25
72.01
19.50
4.00
2.25
21.00
31.00
20.50
18.99
788.49
30.00
60.99
12.00
27.99
399.00
449.00
9.00
5.50
5.99
20.50
450.00
22.00
17.12
3105.00
1.29
6.00
0.82
295.00
80.00
3.99
9.99
1.25
62.00
8.50
351.00
9.99
0.01
4.80
4.45
3.65
4.25
10.50
3.23
4.80
3.74
79.00
13.00
510.00
65.00
8.99
40.00
4.25
0.69
44.50
0.01
9.99
9.52
39.82
120.00
118.99
18.50
225.00
7.98
10.99
15.50
14.51
94.95
2.75
1.75
199.99
9.99
42.00
2.75
100.00
39.95
3.25
115.87
89.95
22.53
23.50
5.99
13.00
165.00
85.00
4.60
175.00
4.75
498.90
30.99
46.80
12.75
13.00
33.00
2379.00
107.50
23.55
319.99
28.00
9.99
25.00
123.99
15.50
3.00
9.99
1295.00
18.99
150.00
21.00
63.00
45.00
19.51
29.99
152.50
9.99
31.84
2628.29
33.45
42.00
79.00
149.00
75.00
89.00
75.00
319.00
7.99
2.50
899.00
99.50
0.94
35.84
259.99
0.11
32.00
397.67
10.49
29.71
16.50
73.27
249.00
6.50
3.60
33.48
75.00
269.00
59.99
22.50
155.00
5.50
9.50
9.50
7.50
7.76
7.99
1925.00
10.05
19.99
7.49
2.98
50.00
375.00
10.99
0.97
2245.50
30.05
160.00
13.00
41.42
74.07
0.26
0.01
435.00
68.49
21.75
264.99
0.11
77.00
31.01
82.00
31.00
38.23
24.50
18.97
50.97
9.89
12.99
1.00
26.00
29.99
127.42
180.00
0.94
189.99
332.00
56.00
20.75
14.95
99.00
3.75
16.08
100.00
2.25
72.01
19.50
4.00
2.25
21.00
31.00
20.50
18.99
788.49
30.00
60.99
12.00
27.99
399.00
449.00
9.00
5.50
5.99
20.50
450.00
22.00
17.12
3105.00
1.29
6.00
0.82
295.00
80.00
3.99
9.99
1.25
62.00
8.50
351.00
9.99
0.01
4.80
4.45
3.65
4.25
10.50
3.23
4.80
3.74
79.00
13.00
510.00
65.00
8.99
40.00
4.25
0.69
44.50
0.01
9.99
9.52
39.82
120.00
118.99
18.50
225.00
7.98
10.99
15.50
14.51
94.95
2.75
1.75
199.99
9.99
42.00
2.75
100.00
39.95
3.25
115.87
89.95
22.53
23.50
5.99
13.00
165.00
85.00
4.60
175.00
4.75
498.90
30.99
46.80
12.75
13.00
33.00
2379.00
107.50
23.55
319.99
28.00
9.99
25.00
123.99
15.50
3.00
9.99
1295.00
18.99
150.00
21.00
63.00
45.00
19.51
29.99
152.50
9.99
31.84
2628.29
33.45
42.00
79.00
149.00
75.00
89.00
75.00
319.00
7.99
2.50
899.00
99.50
0.94
35.84
259.99
0.11
32.00
397.67
10.49
29.71
16.50
73.27
249.00
6.50
3.60
33.48
75.00
269.00
59.99
22.50
155.00
5.50
9.50
9.50
7.50
7.76
7.99
1925.00
10.05
19.99
7.49
2.98
50.00
375.00
10.99
0.97
2245.50
30.05
160.00
13.00
41.42
74.07
0.26
0.01
435.00
68.49
21.75
264.99
0.11
77.00
31.01
82.00
31.00
38.23
24.50
18.97
50.97
9.89
12.99
1.00
26.00
29.99
127.42
180.00
0.94
189.99
332.00
56.00
20.75
14.95
99.00
3.75
16.08
100.00
2.25
72.01
19.50
4.00
2.25
21.00
31.00
20.50
18.99
788.49
30.00
60.99
12.00
27.99
399.00
449.00
9.00
5.50
5.99
20.50
450.00
22.00
17.12
3105.00
1.29
6.00
0.82
295.00
80.00
3.99
9.99
1.25
62.00
8.50
351.00
9.99
0.01
4.80
4.45
3.65
4.25
10.50
3.23
4.80
3.74
79.00
13.00
510.00
65.00
8.99
40.00
4.25
0.69
44.50
0.01
9.99
9.52
39.82
120.00
118.99
18.50
225.00
7.98
10.99
15.50
14.51
94.95
2.75
1.75
199.99
9.99
42.00
2.75
100.00
39.95
3.25
115.87
89.95
22.53
23.50
5.99
13.00
165.00
85.00
4.60
175.00
4.75
498.90
30.99
46.80
12.75
13.00
33.00
2379.00
107.50
23.55
319.99
28.00
9.99
25.00
123.99
15.50
3.00
9.99
1295.00
18.99
150.00
21.00
63.00
45.00
19.51
29.99
152.50
9.99
31.84
2628.29
33.45
42.00
79.00
149.00
75.00
89.00
75.00
319.00
7.99
2.50
899.00
99.50
0.94
35.84
259.99
0.11
32.00
397.67
10.49
29.71
16.50
73.27
249.00
6.50
3.60
33.48
75.00
269.00
59.99
22.50
155.00
5.50
9.50
9.50
7.50
7.76
7.99
1925.00
10.05
19.99
7.49
2.98
50.00
375.00
10.99
0.97
2245.50
30.05
160.00
13.00
41.42
74.07
0.26
0.01
435.00
68.49
21.75
264.99
0.11
77.00
31.01
82.00
31.00
38.23
24.50
18.97
50.97
9.89
12.99
1.00
26.00
29.99
127.42
180.00
0.94
189.99
332.00
56.00
20.75
14.95
99.00
3.75
16.08
100.00
2.25
72.01
19.50
4.00
2.25
21.00
31.00
20.50
18.99
788.49
30.00
60.99
12.00
27.99
399.00
449.00
9.00
5.50
5.99
20.50
450.00
22.00
17.12
3105.00
1.29
6.00
0.82
295.00
80.00
3.99
9.99
1.25
62.00
8.50
351.00
9.99
0.01
4.80
4.45
3.65
4.25
10.50
3.23
4.80
3.74
79.00
13.00
510.00
65.00
8.99
40.00
4.25
0.69
44.50
0.01
9.99
9.52
39.82
120.00
118.99
18.50
225.00
7.98
10.99
15.50
14.51
94.95
2.75
1.75
199.99
9.99
42.00
2.75
100.00
39.95
3.25
115.87
89.95
22.53
23.50
5.99
13.00
165.00
85.00
4.60
175.00
4.75
498.90
30.99
46.80
12.75
13.00
33.00
2379.00
107.50
23.55
319.99
28.00
9.99
25.00
123.99
15.50
3.00
9.99
1295.00
18.99
150.00
21.00
63.00
45.00
19.51
29.99
152.50
9.99
31.84
2628.29
33.45
42.00
79.00
149.00
75.00
89.00
75.00
319.00
7.99
2.50
899.00
99.50
0.94
35.84
259.99
0.11
32.00
397.67
10.49
29.71
16.50
73.27
249.00
6.50
3.60
33.48
75.00
269.00
59.99
22.50
155.00
5.50
9.50
9.50
7.50
7.76
7.99
1925.00
10.05
19.99
7.49
2.98
50.00
375.00
10.99
0.97
2245.50
30.05
160.00
13.00
41.42
74.07
0.26
0.01
435.00
68.49
21.75
264.99
0.11
77.00
31.01
82.00
31.00
38.23
24.50
18.97
50.97
9.89
12.99
1.00
26.00
29.99
127.42
180.00
0.94
189.99
332.00
56.00
20.75
14.95
99.00
3.75
16.08
100.00
2.25
72.01
19.50
4.00
2.25
21.00
31.00
20.50
18.99
788.49
30.00
60.99
12.00
27.99
399.00
449.00
9.00
5.50
5.99
20.50
450.00
22.00
17.12
3105.00
1.29
6.00
0.82
295.00
80.00
3.99
9.99
1.25
62.00
8.50
351.00
9.99
0.01
4.80
4.45
3.65
4.25
10.50
3.23
4.80
3.74
79.00
13.00
510.00
65.00
8.99
40.00
4.25
0.69
44.50
0.01
9.99
9.52
39.82
120.00
118.99
18.50
225.00
7.98
10.99
15.50
14.51
94.95
2.75
1.75
199.99
9.99
42.00
2.75
100.00
39.95
3.25
115.87
89.95
22.53
23.50
5.99
13.00
165.00
85.00
4.60
175.00
4.75
498.90
30.99
46.80
12.75
13.00
33.00
2379.00
107.50
23.55
319.99
28.00
9.99
25.00
123.99
15.50
3.00
9.99
1295.00
18.99
150.00
21.00
63.00
45.00
19.51
29.99
152.50
9.99
31.84
2628.29
33.45
42.00
79.00
149.00
75.00
89.00
75.00
319.00
7.99
2.50
899.00
99.50
0.94
35.84
259.99
0.11
32.00
397.67
10.49
29.71
16.50
73.27
249.00
6.50
3.60
33.48
75.00
269.00
59.99
22.50
155.00
5.50
9.50
9.50
7.50
7.76
7.99
1925.00
10.05
19.99
7.49
2.98
50.00
375.00
10.99
0.97
2245.50
30.05
160.00
13.00
41.42
74.07
0.26
0.01
435.00
68.49
21.75
264.99
0.11
77.00
31.01
82.00
31.00
38.23
24.50
18.97
50.97
9.89
12.99
1.00
26.00
29.99
127.42
180.00
0.94
189.99
332.00
56.00
20.75
14.95
99.00
3.75
16.08
100.00
2.25
72.01
19.50
4.00
2.25
21.00
31.00
20.50
18.99
788.49
30.00
60.99
12.00
27.99
399.00
449.00
9.00
5.50
5.99
20.50
450.00
22.00
17.12
3105.00
1.29
6.00
0.82
295.00
80.00
3.99
9.99
1.25
62.00
8.50
351.00
9.99
0.01
4.80
4.45
3.65
4.25
10.50
3.23
4.80
3.74
79.00
13.00
510.00
65.00
8.99
40.00
4.25
0.69
44.50
0.01
9.99
9.52
39.82
120.00
118.99
18.50
225.00
7.98
10.99
15.50
14.51
94.95
2.75
1.75
199.99
9.99
42.00
2.75
100.00
39.95
3.25
115.87
89.95
22.53
23.50
5.99
13.00
165.00
85.00
4.60
175.00
4.75
498.90
30.99
46.80
12.75
13.00
33.00
2379.00
107.50
23.55
319.99
28.00
9.99
25.00
123.99
15.50
3.00
9.99
1295.00
18.99
150.00
21.00
63.00
45.00
19.51
29.99
152.50
9.99
31.84
2628.29
33.45
42.00
79.00
149.00
75.00
89.00
75.00
319.00
7.99
2.50
899.00
99.50
0.94
35.84
259.99
0.11
32.00
397.67
10.49
29.71
16.50
73.27
249.00
6.50
3.60
33.48
75.00
269.00
59.99
22.50
155.00
5.50
9.50
9.50
7.50
7.76
7.99
1925.00
10.05
19.99
7.49
2.98
50.00
375.00
10.99
0.97
2245.50
30.05
160.00
13.00
41.42
74.07
0.26
0.01
435.00
68.49
21.75
264.99
0.11
77.00
31.01
82.00
31.00
38.23
24.50
18.97
50.97
9.89
12.99
1.00
26.00
29.99
127.42
180.00
0.94
189.99
332.00
56.00
20.75
14.95
99.00
3.75
16.08
100.00
2.25
72.01
19.50
4.00
2.25
21.00
31.00
20.50
18.99
788.49
30.00
60.99
12.00
27.99
399.00
449.00
9.00
5.50
5.99
20.50
450.00
22.00
17.12
3105.00
1.29
6.00
0.82
295.00
80.00
3.99
9.99
1.25
62.00
8.50
351.00
9.99
0.01
4.80
4.45
3.65
4.25
10.50
3.23
4.80
3.74
79.00
13.00
510.00
65.00
8.99
40.00
4.25
0.69
44.50
0.01
9.99
9.52
39.82
120.00
118.99
18.50
225.00
7.98
10.99
15.50
14.51
94.95
2.75
1.75
199.99
9.99
42.00
2.75
100.00
39.95
3.25
115.87
89.95
22.53
23.50
5.99
13.00
165.00
85.00
4.60
175.00
4.75
498.90
30.99
46.80
12.75
13.00
33.00
2379.00
107.50
23.55
319.99
28.00
9.99
25.00
123.99
15.50
3.00
9.99
1295.00
18.99
150.00
21.00
63.00
45.00
19.51
29.99
152.50
9.99
31.84
2628.29
33.45
42.00
79.00
149.00
75.00
89.00
75.00
319.00
7.99
2.50
899.00
99.50
0.94
35.84
259.99
0.11
32.00
397.67
10.49
29.71
16.50
73.27
249.00
6.50
3.60
33.48
75.00
269.00
59.99
22.50
155.00
5.50
9.50
9.50
7.50
7.76
7.99
1925.00
10.05
19.99
7.49
2.98
50.00
375.00
10.99
0.97
2245.50
30.05
160.00
13.00
41.42
74.07
0.26
0.01
435.00
68.49
21.75
264.99
0.11
77.00
31.01
82.00
31.00
38.23
24.50
18.97
50.97
9.89
12.99
1.00
26.00
29.99
127.42
180.00
0.94
189.99
332.00
56.00
20.75
14.95
99.00
3.75
16.08
100.00
2.25
72.01
19.50
4.00
2.25
21.00
31.00
20.50
18.99
788.49
30.00
60.99
12.00
27.99
399.00
449.00
9.00
5.50
5.99
20.50
450.00
22.00
17.12
3105.00
1.29
6.00
0.82
295.00