149.99
2.69
9.95
34.91
16.91
43.90
134.00
229.00
24.99
1.50
1.00
1.00
1.50
27.90
16.00
133.00
39.99
69.95
49.99
210.00
158.00
5.02
13.88
39.99
0.99
88.00
19.99
1.95
130.00
100.00
9.95
1.82
24.99
50.00
39.99
1.18
70.50
32.00
189.99
267.90
63.95
21.99
10.91
99.99
24.99
75.00
35.51
89.99
26.00
13.95
9.99
44.99
44.99
39.95
8.99
19.99
39.99
85.00
38.99
33.91
45.00
27.00
6.54
34.99
14.88
22.29
8.99
126.52
33.91
44.99
125.00
63.99
2.64
52.00
99.00
15.48
64.29
174.95
29.99
319.00
259.95
7.73
7.94
39.99
165.00
21.99
131.00
15.99
139.00
259.95
39.99
135.89
99.99
81.99
24.99
199.99
35.00
23.49
24.99
10.99
99.00
59.99
15.99
26.99
26.99
129.99
114.97
38.99
8.98
13.00
99.00
40.00
5.95
108.00
7.99
3.29
100.00
69.92
20.99
89.98
90.40
99.98
32.99
99.99
74.95
29.99
56.64
99.95
70.00
215.99
129.99
69.99
109.00
134.99
9.95
45.00
84.95
5.99
11.99
11.99
19.99
34.99
20.00
14.99
78.00
175.00
10.99
129.99
15.99
58.69
37.99
26.99
39.00
49.99
22.50
40.00
529.00
165.00
139.99
168.00
59.99
19.99
154.95
4.99
30.00
196.99
19.99
15.00
230.00
95.00
225.00
24.88
24.99
79.95
140.00
153.61
49.99
75.00
5.01
5.99
39.00
4.50
17.99
39.00
49.95
49.99
129.99
20.00
153.95
59.50
20.98
98.00
110.00
19.99
19.99
14.99
34.00
36.99
59.99
149.99
60.45
39.95
14.99
149.99
39.99
4.88
24.99
60.00
5.00
30.00
30.00
19.00
16.99
188.50
6.99
134.99
16.54
184.99
75.00
100.00
40.77
169.00
6.99
7.95
120.00
17.99
45.99
80.00
90.00
179.99
79.99
19.99
140.00
1.32
99.95
5.97
269.00
80.00
20.00
3.99
109.00
20.00
59.99
14.90
27.99
150.00
379.00
135.00
8.08
79.95
84.95
98.00
69.99
4.95
135.00
39.95
16.99
99.00
169.99
59.50
100.00
6.99
195.00
10.00
21.97
17.99
7.64
34.99
10.99
225.00
64.00
250.00
39.95
24.99
166.95
24.88
100.00
17.99
19.99
10.99
129.99
92.00
29.95
40.35
8.08
84.99
17.00
39.96
99.99
79.99
198.00
200.00
49.95
49.99
39.99
9.72
31.88
4.98
10.99
4.34
159.99
125.00
69.95
22.00
99.95
8.95
32.99
60.00
129.99
24.88
20.00
100.00
109.99
62.00
29.95
19.99
21.49
20.00
14.99
130.00
54.99
28.99
19.99
75.00
45.00
26.40
110.00
3.99
6.99
100.00
37.99
14.99
75.00
150.00
11.00
150.00
20.00
17.00
54.99
179.99
44.99
89.99
34.99
109.99
5.88
92.39
11.95
24.99
174.99
120.00
59.95
99.00
177.97
205.00
119.00
23.99
18.99
19.99
19.59
79.99
19.99
34.99
10.43
119.00
79.99
75.99
6.95
8.99
49.99
6.50
79.99
11.99
12.50
7.54
685.00
120.00
45.00
54.99
24.95
274.99
34.99
25.00
109.95
70.00
49.95
23.99
43.90
73.99
2.75
15.00
37.99
49.99
6.00
33.99
88.34
22.00
52.69
4.99
15.99
119.99
6.00
19.99
4.99
81.90
54.99
14.99
11.00
284.99
44.99
11.50
83.99
3.99
12.99
50.97
130.00
149.99
180.00
107.49
100.00
9.99
80.00
15.30
149.99
25.57
86.00
77.50
79.99
185.00
67.65
38.99
120.00
12.99
99.99
4.99
41.99
14.95
39.50
14.99
69.95
22.95
19.49
12.49
45.99
13.95
29.95
99.99
74.99
1.29
30.00
114.98
213.95
125.99
118.36
5.99
6.95
4.99
20.87
8.77
109.99
43.90
7.90
89.95
7.95
80.00
48.00
1.04
85.00
259.95
8.99
45.97
7.99
290.00
48.95
0.99
49.95
54.99
104.00
200.00
29.95
29.99
56.99
14.99
9.99
5.99
6.99
5.99
5.99
265.00
30.99
44.99
0.99
29.99
39.99
149.95
15.99
2.98
248.95
25.00
75.00
49.99
10.00
7.38
99.99
134.99
134.97
56.00
99.95
110.00
63.95
219.99
47.99
79.99
93.00
23.99
27.95
10.95
1850.00
8.99
4.99
40.00
7.99
6.99
8.49
32.50
112.72
10.00
45.99
15.99
110.00
37.19
16.99
351.40
5.99
17.88
49.99
47.65
5.60
335.00
4.59
13.99
15.60
89.95
10.00
110.00
169.00
210.00
19.99
1.15
235.00
250.00
159.99
12.99
175.00
49.95
11.95
9.95
13.01
39.00
23.90
34.99
13.99
549.99
100.99
20.99
19.98
28.31
150.00
51.00
4.88
19.99
9.95
60.00
37.88
59.99
119.99
37.88
75.00
49.99
199.99
10.00
25.87
199.99
17.99
169.00
12.50
160.00
10.99
19.99
29.99
75.00
19.99
129.99
1.00
32.00
29.99
9.99
4.99
39.99
12.99
65.99
14.95
12.19
53.97
5.99
10.99
100.00
226.60
106.82
70.00
80.00
169.50
39.00
104.99
53.99
49.95
219.00
39.95
149.00
8.99
194.99
9.99
14.23
279.99
10.99
180.00
9.99
16.91
16.89
137.90
37.99
70.00
28.97
4.25
19.93
149.99
124.38
109.99
15.30
199.99
49.99
11.00
44.95
270.00
29.99
99.95
22.99
55.00
5.99
7.99
76.00
89.00
9.99
4.82
149.95
12.99
14.99
12.72
8.09
139.00
2.46
99.95
15.99
184.99
18.95
20.50
8.99
6.75
4.98
39.90
13.99
63.13
297.00
259.95
77.88
18.34
199.99
108.30
139.50
91.78
108.00
45.77
119.99
50.00
15.50
59.95
59.99
22.19
16.75
13.99
45.00
99.99
11.95
3.49
245.75
12.99
205.55
12.00
9.60
12.42
12.42
11.68
9.60
10.00
10.00
49.99
109.95
20.00
110.00
22.95
145.00
9.56
8.49
24.97
19.88
38.00
72.99
145.00
19.44
14.00
110.00
39.99
99.00
6.68
6.70
6.69
12.90
14.00
11.32
100.00
35.00
179.99
13.39
73.99
125.00
24.99
50.00
54.99
79.99
3.99
69.99
69.99
75.99
39.99
12.00
10.95
15.99
5.99
19.99
16.99
17.75
24.99
3.99
64.16
16.88
140.00
34.99
149.99
175.99
6.00
74.77
69.95
145.00
89.99
89.95
29.95
38.95
12.95
77.88
24.30
60.00
3.99
159.99
8.69
104.95
26.00
26.95
19.99
69.95
17.88
37.95
17.99
19.95
60.00
29.00
21.00
25.99
75.99
50.00
14.54
38.97
13.00
8.99
24.99
24.99
12.99
75.00
7.99
55.16
42.41
89.99
190.00
115.00
30.00
75.00
99.99
89.00
109.99
114.98
14.99
12.28
9.98
37.73
59.98
29.95
145.00
109.99
18.99
31.99
18.66
24.99
69.95
12.00
39.99
9.99
60.00
29.99
24.99
30.59
75.00
75.00
8.49
114.98
6.00
48.00
9.99
20.00
9.99
9.99
77.99
264.99
110.09
49.99
179.00
174.95
243.30
10.49
62.00
13.50
19.99
6.95
223.00
135.00
99.95
12.90
37.95
158.00
250.00
29.80
19.95
147.95
54.00
11.89
12.88
20.00
13.99
4.95
67.99
18.95
184.00
7.99
32.99
15.50
88.00
8.99
19.45
205.00
10.00
9.98
269.99
39.95
39.95
39.95
140.00
29.99
4.76
99.00
4.79
39.95
149.00
9.99
110.00
99.00
83.00
15.82
69.99
28.95
129.99
19.79
189.00
38.00
7.88
103.00
19.99
9.99
1.59
14.99
5.68
25.99
59.41
9.99
20.00
29.95
50.00
125.00
42.99
13.99
35.00
94.99
108.00
92.38
23.90
84.95
29.99
12.49
12.49
98.00
100.00
8.99
65.09
17.50
159.99
269.99
83.00
15.00
79.00
39.99
60.00
29.99
134.99
89.99
259.99
32.99
44.95
32.95
99.95
120.00
145.00
185.99
140.00
110.00
3.99
32.25
1.19
129.99
149.99
29.95
40.00
11.55
40.00
46.99
139.77
170.00
113.69
149.99
49.94
219.00
80.00
15.00
22.50
99.99
134.99
34.83
80.00
290.95
49.99
3.99
89.98
49.99
89.98
7.35
148.79
77.99
19.99
19.99
58.95
15.00
125.00
14.98
13.95
79.99
0.99
35.95
2.09
175.00
189.00
119.99
4.00
100.00
119.99
69.99
10.49
9.99
194.99
32.95
69.99
12.99
16.17
135.00
9.95
8.99
33.50
19.00
45.00
2.00
43.00
88.00
21.66
48.00
129.99
74.99
49.95
3.99
169.96
169.95
80.00
21.56
15.99
167.00
59.00
124.99
114.98
3.99
99.69
79.00
199.99
47.99
105.00
1.19
19.99
13.99
199.99
8.08
22.00
49.00
16.99
185.00
58.69
13.86
13.99
26.99
72.00
3.99
154.99
19.99
12.88
169.95
15.98
109.98
75.00
48.04
0.99
139.00
59.89
35.99
32.99
14.99
25.12
10.99
129.99
98.99
8.99
120.00
22.95
269.99
47.80
10.49
48.95
129.99
299.99
45.00
14.86
99.00
21.95
40.00
99.00
45.89
95.00
39.89
99.95
225.00
98.00
18.86
1.69
59.00
34.95
13.00
184.99
24.00
69.99
125.00
188.00
9.99
185.00
96.00
3.49
40.00
29.99
115.00
34.99
23.22
209.99
247.99
69.99
115.00
89.99
198.00
16.89
34.50
30.00
39.99
22.65
9.00
19.99
45.00
44.49
9.99
12.00
125.97
100.00
7.38
5.74
22.66
36.99
9.95
74.99
8.08
16.08
7.83
60.00
49.99
49.00
19.95
62.00
65.00
39.99
279.99
235.00
199.95
100.00
224.09
17.00
99.95
20.00
12.52
21.65
7.95
39.95
80.00
12.98
29.99
10.99
16.08
114.99
17.79
0.99
19.95
4.76
124.99
6.95
25.00
13.00
99.00
114.98
20.25
55.19
109.99
354.00
3.75
29.99
56.95
29.99
14.95
130.20
53.48
70.00
99.00
24.95
210.00
31.95
7.99
99.95
122.00
69.70
29.95
49.95
9.99
39.11
37.95
199.00
30.99
10.86
120.00
24.99
100.00
290.00
49.95
14.99
165.00
199.99
269.99
169.00
19.99
25.00
149.33
129.00
165.00
11.00
95.00
12.00
32.00
154.99
44.99
9.72
13.89
69.99
129.95
19.99
9.99
273.00
74.99
9.89
29.99
5.99
89.90
99.95
17.49
265.00
44.99
38.99
35.99
19.99
18.99
119.99
149.99
120.00
6.99
79.99
17.95
52.25
23.95
1.97
149.99
20.99
114.99
17.99
4.95
168.00
24.95
2.69
33.99
125.00
95.00
79.99
4.00
11.82
4.00
5.50
2.00
5.99
99.99
25.99
235.77
23.96
149.99
99.95
9.99
11.95
1.78
1.78
1.78
1.78
1.78
16.08
185.99
220.00
16.08
12.14
7.50
54.99
1.98
1.98
82.96
34.99
82.00
63.13
49.99
39.99
29.00
41.81
2.08
2.08
2.08
29.74
20.25
2.08
14.50
39.95
29.99
114.98
44.95
15.00
149.99
24.99
10.99
264.75
10.00
1.58
1.58
119.99
34.80
161.15
190.00
178.80
54.80
108.80
28.80
34.80
178.80
189.80
164.80
89.99
16.08
124.99
1.78
16.08
1.78
7.81
8.31
1.88
1.68
19.99
99.99
9.95
11.33
5.99
11.33
8.69
23.48
16.95
8.80
92.00
34.49
363.95
19.83
19.99
239.99
59.00
36.50
45.50
23.36
22.80
74.99
210.00
20.95
16.95
59.00
68.00
92.00
29.99
42.99
16.35
118.53
39.99
99.99
79.95
29.77
34.99
139.99
49.75
57.99
79.99
49.95
135.00
56.03
50.00
16.08
220.00
69.95
130.00
14.99
85.00
10.08
110.00
6.89
25.34
68.95
70.00
89.99
16.06
29.99
71.95
54.95
24.99
59.00
59.95
59.95
8.12
18.23
329.88
19.99
2.80
12.99
378.00
175.00
6.59
134.99
55.00
114.98
299.95
399.99
29.95
0.99
6.09
8.99
26.00
160.00
70.00
199.99
17.99
60.99
7.49
178.99
16.89
4.95
27.48
18.24
59.99
33.80
21.99
13.99
7.99
8.99
17.99
12.99
10.99
293.00
2.99
49.97
42.99
199.99
25.23
15.51
9.99
5.00
129.71
0.99
49.99
17.99
23.99
10.99
10.99
2.99
120.00
2.99
18.95
17.99
2.99
179.95
3.96
16.69
149.99
111.00
114.98
6.99
126.47
99.00
1.99
17.03
8.95
8.95
1.99
1.99
3.89
12.71
20.38
12.73
13.49
89.99
49.75
16.89
16.92
0.99
0.99
0.99
0.99
0.99
0.99
0.99
0.99
0.99
0.99
0.99
0.99
0.99
0.99
0.99
0.99
0.99
0.99
40.00
20.10
200.00
84.50
29.99
285.00
17.97
99.95
11.99
99.95
6.33
12.87
12.87
89.29
245.75
39.99
195.00
6.39
15.38
12.00
215.00
15.95
77.99
60.00
79.99
239.99
2.71
10.00
12.14
99.95
55.00
119.00
25.00
16.24
39.99
34.99
10.98
27.84
259.95
99.95
21.95
174.99
150.00
120.00
3.99
81.00
215.00
17.59
32.98
44.99
5.99
24.99
300.00
15.00
19.99
19.99
114.97
23.99
259.00
8.95
89.99
12.99
34.99
154.99
105.39
160.00
59.51
160.00
262.57
24.95
99.99
1.95
13.99
69.95
25.00
14.58
180.00
19.00
39.94
15.55
25.00
674.99
149.99
24.99
23.99
9.99
7.95
15.00
21.95
33.99
23.46
64.95
149.99
89.49
14.95
19.99
279.99
44.99
104.99
19.00
95.04
48.00
69.95
98.00
9.99
20.25
199.99
20.25
15.95
9.50
99.95
14.11
25.61
8.45
31.99
49.99
55.00
4.60
199.00
8.55
74.98
60.00
89.99
31.95
239.00
340.37
96.00
89.99
70.00
39.99
100.00
10.95
8.95
8.99
25.00
39.99
98.49
0.96
286.38
25.99
64.99
119.95
200.00
55.00
64.95
149.00
55.00
279.95
119.98
269.95
39.99
29.99
5.99
7.99
9.95
17.90
325.00
5.99
5.99
9.95
34.99
279.99
109.99
235.00
185.00
199.99
59.99
142.77
6.49
35.00
135.00
149.00
48.87
95.00
1089.99
76.99
25.88
350.00
69.99
119.99
65.00
69.99
65.00
38.99
59.99
39.99
14.99
98.95
50.00
11.32
49.74
39.99
179.00
45.00
11.99
19.88
19.99
4.99
24.88
339.00
350.00
169.99
134.99
105.00
19.99
19.99
32.99
9.95
7.49
80.00
16.99
22.00
37.99
98.00
19.99
14.99
99.99
11.99
90.00
16.95
14.99
19.99
14.99
65.00
38.00
94.94
54.99
114.98
75.00
49.99
15.00
12.98
7.99
59.99
158.00
49.99
2.99
74.99
13.60
25.00
29.99
129.00
17.99
54.95
129.99
150.00
18.49
75.00
12.99
31.99
110.00
22.00
19.95
35.58
69.95
49.97
199.95
198.00
9.99
179.00
140.00
170.00
80.00
32.99
1.99
5.99
54.99
19.99
9.99
175.00
119.95
99.00
198.99
130.00
16.91
8.99
8.08
40.00
35.00
8.08
15.77
65.95
62.00
37.95
25.50
65.00
19.98
180.99
19.99
90.00
5.49
95.00
209.99
16.89
7.99
175.00
119.99
13.00
259.95
82.00
409.00
189.99
14.00
170.00
10.00
5.00
184.99
69.99
289.00
18.92
19.99
279.99
8.49
259.95
49.99
8.75
20.00
21.50
49.99
69.95
110.00
19.95
62.00
89.99
90.00
47.80
14.95
135.00
45.00
32.36
50.00
32.99
161.85
129.00
24.95
9.99
15.99
129.00
24.99
15.50
15.50
94.50
34.99
15.00
29.95
11.99
17.99
108.64
28.95
59.00
26.99
50.00
9.72
124.75
64.99
259.95
20.00
264.95
60.00
50.00
259.95
24.95
215.00
16.95
279.00
14.99
14.99
44.95
9.99
21.95
107.09
70.99
39.75
4.89
13.99
44.98
6.99
49.99
175.00
269.99
200.00
23.88
39.50
50.00
99.99
19.99
22.24
98.00
169.00
25.00
299.00
85.00
18.48
32.99
234.99
40.05
68.99
87.99
16.92
33.99
13.95
101.33
9.99
30.00
35.00
99.00
6.50
79.99
19.95
9.99
105.00
150.00
14.00
119.99
12.00
94.99
39.95
23.12
45.90
68.00
44.98
39.00
37.48
175.00
9.99
185.00
55.00
13.49
13.95
90.00
25.00
20.47
6.99
199.99
14.39
170.00
16.49
69.95
89.00
20.00
8.55
15.00
64.00
17.99
29.99
35.00
13.99
10.49
189.80
94.70
9.95
29.99
19.99
12.99
9.95
9.99
19.99
15.96
134.99
130.00
47.65
10.77
25.88
14.99
45.00
54.99
39.99
77.79
3.29
10.50
21.99
35.99
35.00
195.00
159.00
45.00
114.35
9.95
12.00
10.99
17.99
9.99
136.27
354.88
39.99
139.99
39.95
20.00
39.95
28.99
8.89
8.89
8.89
7.67
11.00
129.00
59.95
69.95
16.99
31.99
110.00
7.48
49.95
89.95
14.99
10.00
29.99
39.99
2.69
6.04
80.00
23.99
7.99
34.99
24.99
159.99
79.00
167.75
24.95
39.95
127.99
35.00
9.95
8.79
21.88
10.07
99.88
59.95
29.99
25.00
33.00
30.00
149.95
168.00
10.88
30.00
242.00
242.00
10.88
242.00
64.99
242.00
264.00
5.99
262.00
49.95
59.95
38.99
60.99
130.00
284.99
37.95
19.95
21.99
27.50
140.00
49.95
90.00
119.99
267.42
19.99
19.95
14.99
23.95
19.95
39.90
200.00
44.99
69.99
6.99
15.99
114.95
185.99
39.99
14.99
50.00
30.00
23.00
79.99
7.99
10.00
36.90
89.95
59.00
7.99
45.99
40.00
19.34
137.95
188.99
2.50
19.99
29.99
54.99
39.99
27.50
1.99
9.99
59.95
135.00
10.99
28.39
140.00
80.00
229.99
15.98
120.00
15.45
10.99
225.00
61.82
129.99
61.06
41.70
15.50
164.99
5.99
17.01
49.00
925.00
50.00
19.99
7.97
35.00
199.98
49.95
14.55
27.57
41.77
15.95
105.00
75.00
119.00
9.99
32.60
9.99
9.99
239.99
10.50
10.48
12.55
32.00
12.95
9.99
129.00
29.88
62.95
20.00
32.79
158.00
8.89
7.99
7.99
299.99
85.00
19.99
0.99
0.99
0.99
0.99
0.99
0.99
0.99
0.99
0.99
0.99
0.99
0.99
36.98
75.00
116.95
1.75
1.75
4.48
1.45
1.45
1.45
4.48
4.48
4.48
1.45
1.45
1.89
5.55
5.89
1.68
1.68
1.68
12.99
1.48
1.48
1.48
1.48
1.48
4.03
20.51
4.45
4.49
4.39
4.45
4.49
1.59
4.49
4.49
1.55
1.55
1.55
4.18
4.18
1.55
1.59
1.59
1.59
1.48
1.55
1.49
4.44
4.44
1.55
1.49
1.59
8.49
1.59
1.55
1.55
4.55
1.49
1.55
1.59
1.59
1.59
1.43
1.45
1.45
1.45
4.16
4.16
1.43
1.43
1.43
4.07
4.07
4.18
4.44
1.59
4.44
6.88
1.59
34.99
4.29
3.99
4.55
23.97
4.55
69.99
750.00
11.99
7.22
73.00
6.97
6.19
13.04
29.99
5.95
80.00
57.98
99.95
48.31
7.99
99.95
54.99
21.80
33.80
249.99
12.50
98.00
14.95
9.99
134.99
85.00
39.95
105.00
249.99
25.99
99.99
8.68
15.99
19.99
21.99
21.99
40.00
49.99
4.48
3.88
8.95
0.99
149.98
134.95
900.00
269.99
31.99
8.99
24.00
39.99
249.99
197.99
159.99
178.95
12.49
75.00
55.00
17.46
23.99
69.99
120.00
12.00
15.00
59.99
7.20
259.95
90.00
75.00
44.99
75.00
250.00
19.99
34.99
8.99
4.99
4.99
10.75
24.99
169.95
10.99
10.39
10.45
89.99
16.99
117.49
19.99
12.95
54.99
24.95
65.99
9.89
37.99
60.00
4.95
8.95
159.95
72.00
4.99
60.00
29.99
15.99
19.80
25.80
19.80
45.00
22.50
24.99
72.99
9.38
5.00
40.00
85.88
125.00
13.95
69.99
15.99
89.00
110.00
9.99
399.95
39.99
9.99
39.00
45.00
94.95
284.00
130.00
175.00
25.00
159.99
44.99
83.00
0.99
109.99
13.55
49.95
184.99
24.99
17.79
79.99
24.99
5.00
45.49
219.99
22.50
12.95
31.99
4.49
49.99
9.50
19.00
129.99
98.00
36.90
7.49
13.99
9.99
6.99
109.95
7.99
15.50
49.99
4.49
20.00
220.00
134.99
34.99
139.95
7.99
99.99
28.99
120.00
9.99
11.75
129.75
89.99
99.99
24.02
45.50
54.50
59.99
39.99
56.50
44.50
80.00
8.99
24.99
45.00
44.99
1.00
9.63
24.98
11.99
24.99
59.00
15.00
8.74
49.99
3.99
99.95
25.00
1.49
25.00
59.87
99.00
9.72
78.99
129.99
42.99
75.00
259.95
42.99
52.99
19.99
11.49
50.00
39.99
26.99
13.60
45.00
27.99
115.00
16.99
39.00
10.99
70.00
98.00
229.99
12.75
1.59
2.99
100.00
36.99
3.99
59.99
69.95
69.95
279.99
130.00
35.99
120.00
109.95
59.99
59.99
22.99
92.00
25.00
12.87
15.00
129.00
3.99
11.99
64.30
11.99
1.59
37.95
24.95
29.95
18.95
32.00
119.99
39.99
130.00
9.49
29.99
32.00
59.95
259.95
115.00
69.50
39.95
5.00
1.15
145.00
269.99
124.97
80.00
130.00
184.99
17.99
23.99
15.99
30.00
6.47
35.00
9.88
13.95
130.00
9.95
82.00
4.99
54.99
39.99
35.99
7.99
28.00
9.62
124.99
17.88
3.75
21.98
35.50
149.99
79.99
119.98
9.99
120.00
5.99
3.99
3.89
42.95
199.00
189.00
65.00
9.99
24.95
5.00
109.99
29.66
89.99
2.49
82.00
19.99
9.99
279.99
9.99
45.00
15.99
1499.95
14.49
29.99
49.99
12.64
196.99
30.74
53.99
55.00
99.00
69.99
43.99
24.99
4.08
34.95
119.99
216.95
26.99
150.00
24.95
109.95
7.49
98.00
300.00
119.00
22.50
7.45
5.99
199.95
38.99
100.00
14.99
120.00
8.94
8.50
10.99
59.99
224.00
99.99
149.99
7.88
239.95
9.99
159.99
8.00
99.99
34.99
49.99
6.99
134.99
39.99
272.99
79.99
179.00
100.00
199.00
149.00
169.00
201.00
16.99
80.00
17.45
11.99
2.99
248.88
12.00
19.99
95.88
19.99
38.97
39.95
74.99
81.99
39.99
14.99
185.00
29.00
20.98
75.95
371.98
249.00
24.99
184.99
10.00
299.95
16.90
5.29
38.89
60.00
44.98
28.77
16.99
97.99
197.99
39.99
109.95
60.00
19.99
60.00
64.99
58.99
98.99
2.49
80.00
39.95
229.95
45.00
33.99
22.99
4.99
85.00
19.99
259.95
4.99
39.88
5.00
44.70
38.80
50.00
98.00
74.99
69.77
21.00
99.99
1000.00
170.00
6.99
59.00
215.00
65.00
9.95
329.99
14.13
120.00
130.00
224.95
50.00
50.00
190.00
48.99
35.00
15.00
299.99
43.90
134.99
89.95
79.99
8.78
22.99
226.60
126.00
389.99
70.00
126.00
128.37
143.93
328.07
328.00
95.00
23.95
14.95
279.00
29.99
50.00
24.99
165.00
6.25
39.99
59.99
12.99
7.99
12.00
49.99
16.29
48.99
120.00
87.00
49.99
14.99
14.99
14.99
279.95
14.99
14.99
89.99
12.99
169.99
49.00
60.00
2.99
9.98
2.09
24.25
99.99
9.99
35.95
44.95
29.99
59.99
49.00
109.99
89.99
29.99
26.95
84.99
185.00
33.99
2.07
8.80
9.99
1.59
65.00
14.99
20.00
1.49
18.00
72.99
215.00
100.00
18.95
18.95
29.00
7.39
107.99
19.99
149.99
73.95
149.99
149.99
98.00
64.99
11.97
72.99
49.95
94.99
45.00
220.00
39.99
149.95
6.99
30.00
159.99
9.99
83.95
135.00
39.99
184.99
21.71
25.00
42.90
89.00
30.00
218.77
50.97
34.90
39.88
125.00
300.00
4.59
159.00
169.99
65.00
8.99
11.00
39.99
64.99
6.46
2.82
5.99
5.99
17.99
54.99
59.00
59.77
119.99
70.00
79.99
9.75
21.95
69.95
99.00
29.99
14.99
45.00
12.59
19.97
400.00
19.99
7.99
11.89
5.00
160.00
100.00
959.23
50.00
0.99
150.00
70.00
179.00
10.00
47.95
40.00
14.14
35.00
5.99
500.00
5.00
34.99
29.90
18.36
89.49
184.99
129.99
130.00
18.99
25.90
39.99
130.00
15.24
111.59
9.59
34.00
200.00
50.00
7.99
8.49
19.99
9.90
22.99
129.99
153.00
50.00
16.89
7.88
33.03
22.00
7.99
129.00
125.00
29.70
6.98
210.00
5.99
24.99
239.95
32.77
51.99
19.99
145.00
3.68
30.00
13.69
2.59
2.98
3.49
14.68
12.99
12.99
13.29
4.98
3.79
17.19
17.19
40.00
14.00
385.00
2.69
42.99
44.99
17.99
24.99
11.99
12.60
99.95
250.00
100.00
6.19
24.90
15.99
289.00
4.97
28.39
15.00
9.99
120.00
55.99
179.00
11.99
10.59
9.99
27.99
27.59
27.59
17.99
7.99
7.99
54.99
250.00
44.99
9.95
11.95
4.94
134.99
5.99
120.00
16.95
5.99
110.00
229.95
25.00
23.99
55.00
98.00
37.99
13.99
115.00
139.99
45.50
79.99
15.99
71.95
44.00
49.99
49.99
197.99
119.00
50.00
42.99
9.95
18.99
15.95
12.99
19.99
50.00
59.00
50.00
26.50
30.99
69.99
8.43
24.24
9.78
55.74
8.60
7.47
43.44
30.18
77.38
9.02
110.00
40.00
11.42
12.99
45.00
55.00
17.99
3.95
69.99
79.99
135.00
6.95
3.75
99.95
22.99
24.99
19.99
7.85
34.99
9.99
7.99
1279.00
19.95
33.99
7.85
7.85
219.00
43.90
49.99
149.99
16.91
4.49
229.95
100.00
269.99
259.95
5.79
5.79
70.00
77.99
24.98
42.15
19.99
44.00
56.90
28.32
109.99
13.95
9.00
12.99
16.99
11.99
98.00
2.69
31.00
184.99
6.98
24.17
25.00
64.99
9.89
190.00
54.99
24.95
129.85
158.00
17.00
49.99
229.95
9.99
85.98
130.00
169.99
50.00
36.66
215.00
185.00
189.95
14.99
165.00
45.00
99.99
19.99
39.99
5.99
159.00
5.50
135.00
324.99
35.99
129.99
100.00
4.99
16.95
14.77
67.99
41.98
24.97
60.00
19.99
39.99
49.99
11.95
14.99
94.00
38.00
55.00
139.99
5.99
158.00
139.99
14.99
180.00
134.99
95.99
359.96
62.00
53.99
25.00
105.00
140.00
5.99
5.49
27.99
14.99
12.99
139.99
179.00
120.00
3.85
4.85
125.00
2.99
57.99
284.99
9.99
135.00
20.00
322.12
6.99
150.00
145.00
19.99
12.50
21.82
85.00
62.00
95.00
189.95
74.99
29.99
40.00
69.99
9.00
239.00
70.00
8.50
7.95
1.99
1.99
11.99
26.00
22.99
5.59
135.99
38.99
69.99
60.00
67.99
36.95
7.99
27.00
169.99
79.95
227.99
70.00
31.96
149.98
7.59
26.99
21.99
16.70
98.00
34.99
12.99
47.95
4.83
4.83
4.83
149.00
4.83
4.83
59.99
120.00
120.00
5.75
14.88
31.96
229.95
29.50
4.99
200.00
39.99
99.00
129.99
15.49
90.00
100.00
159.95
5.99
125.00
99.00
76.99
8.97
259.95
13.00
4.99
99.00
272.99
37.99
64.99
185.00
272.99
109.90
19.99
84.99
0.99
85.49
32.99
9.99
34.99
79.50
59.00
49.99
74.95
19.99
83.00
199.99
12.87
36.99
4.75
160.00
43.95
9.50
250.00
69.95
19.99
202.50
9.99
120.00
85.00
49.75
50.00
19.95
209.95
65.00
6.95
85.00
17.95
17.95
17.95
17.95
17.95
17.95
10.96
77.99
259.00
200.00
59.95
27.99
16.99
25.00
7.99
79.99
74.99
5.99
229.00
29.99
39.99
47.99
19.50
180.99
149.99
49.95
45.00
29.95
199.99
150.00
179.99
190.00
5.99
28.99
94.99
69.95
14.99
16.95
35.00
31.25
254.99
9.99
12.99
45.00
47.95
39.99
184.99
19.99
74.99
9.72
19.99
14.99
299.99
150.00
25.00
10.95
8.99
79.90
45.49
34.99
49.95
5.99
105.00
119.99
39.99
43.90
14.99
25.95
39.95
32.37
67.96
29.99
19.99
59.99
189.99
18.99
259.95
119.95
55.00
25.99
50.00
29.99
22.50
42.95
24.00
14.50
99.99
83.00
229.95
229.95
44.99
25.99
228.00
99.00
8.08
24.18
16.99
105.00
21.15
14.99
8.09
104.99
12.63
29.99
130.00
5.99
17.50
14.99
13.88
185.00
59.99
334.99
239.99
135.00
84.99
1.68
19.99
195.00
13.99
50.00
31.99
29.99
29.99
69.99
7.75
89.00
5.99
30.95
10.00
6.67
169.99
80.00
2.99
4.83
99.99
70.99
4.83
12.99
24.95
1075.99
42.41
165.00
140.00
42.97
9.99
161.85
19.99
13.95
28.99
119.99
29.99
189.99
49.00
123.99
175.00
184.99
5.99
32.77
99.99
5.99
17.99
88.80
7.45
21.40
24.90
299.99
29.95
60.00
25.99
19.99
49.99
25.00
169.95
149.00
59.98
9.65
85.00
77.99
42.71
55.00
19.99
205.00
30.00
14.99
72.00
29.99
135.00
29.95
9.95
12.00
129.99
170.00
5.99
239.99
7.88
20.99
29.99
18.99
30.00
140.00
209.99
129.99
21.95
49.00
94.99
25.99
4.35
3.99
5.99
199.99
39.99
24.92
575.00
83.99
29.95
83.99
65.00
199.99
74.99
12.99
27.99
6.95
200.00
29.88
43.99
39.99
169.99
64.99
6.89
79.95
12.99
3.99
99.99
9.95
11.95
11.95
11.95
11.95
250.00
34.07
84.95
18.74
130.00
12.88
350.00
399.00
25.00
185.00
4.99
24.95
39.99
8.99
159.95
4.99
79.99
14.99
13.50
29.29
9.99
269.99
9.99
74.99
139.99
9.99
139.00
5.99
49.95
169.00
29.99
43.90
25.00
53.95
31.42
14.99
6.95
49.75
23.50
119.99
249.99
7.50
99.99
16.95
6.95
19.99
199.00
12.99
34.99
79.95
69.00
23.99
22.00
15.91
1.97
69.95
15.29
10.06
26.99
1.99
2.49
39.99
10.90
19.99
6.99
13.99
127.95
53.99
24.99
279.99
63.99
24.95
49.78
18.95
49.99
35.00
159.99
41.99
39.99
105.22
29.29
19.97
14.99
380.00
32.00
24.99
24.95
55.99
15.99
230.00
24.50
159.80
27.89
30.00
11.50
219.98
49.75
264.99
7.38
12.99
140.00
45.00
21.95
10.00
7.95
260.00
229.99
24.99
225.00
9.99
24.92
14.54
14.54
14.54
119.99
24.99
29.95
24.95
29.99
24.99
2.98
3000.00
6.30
229.95
24.00
125.99
11.64
89.99
9.99
3.95
5.99
274.00
34.99
209.00
55.00
33.02
27.90
16.17
16.17
399.95
30.00
38.00
121.39
4.99
12.00
39.10
29.13
40.00
10.80
126.95
249.00
21.50
29.42
13.99
144.95
19.95
16.00
44.99
80.00
40.00
7.91
6.25
17.51
6.99
24.90
1.59
12.80
22.00
6.98
24.99
69.95
29.99
49.99
0.99
19.95
119.95
75.00
17.71
59.00
8.85
59.99
17.99
99.00
74.99
115.00
8.95
13.99
24.95
21.50
24.99
7.49
75.00
84.99
9.49
8.49
7.99
9.99
69.95
95.00
69.98
9.95
2.69
19.99
19.99
24.99
54.70
28.00
19.75
134.99
21.30
21.30
6.00
40.00
34.98
12.88
20.00
30.00
28.99
33.99
165.00
139.00
39.99
10.99
17.99
200.00
159.99
64.99
169.95
14.99
49.99
27.99
209.95
8.95
204.95
9.95
4.95
140.00
9.99
14.99
90.00
69.99
0.99
9.99
625.00
6.69
99.95
12.00
78.00
74.95
159.99
10.34
62.99
12.99
100.00
49.99
12.99
15.88
29.95
11.90
129.99
39.95
100.00
49.99
17.49
249.99
12.16
21.50
29.98
25.00
55.00
169.00
42.99
25.20
39.99
7.99
35.00
15.95
3.49
139.00
19.09
79.99
27.99
79.99
129.99
59.99
15.99
15.99
99.99
159.99
1.75
184.99
12.95
76.86
59.95
88.00
29.65
11.00
299.00
39.99
59.98
8.89
48.46
199.95
19.99
14.99
2.99
59.99
80.00
9.99
40.00
6.49
165.99
40.00
42.29
20.99
59.95
63.20
6.95
12.49
85.00
2.45
17.99
9.88
12.99
27.00
149.99
185.95
100.00
155.00
185.00
359.95
12.49
17.95
79.50
32.00
9.99
12.95
7.05
58.95
42.95
125.00
109.99
29.99
34.99
155.00
30.00
89.95
49.99
40.00
6.95
150.00
17.69
27.90
165.00
20.99
22.00
12.50
4.99
17.99
19.99
49.99
29.99
140.00
99.99
100.00
47.80
6.80
15.95
14.99
149.99
124.99
65.00
27.77
49.99
415.00
26.00
5.99
19.99
90.00
105.00
7.99
75.00
6.76
6.49
57.90
134.99
135.00
19.99
22.00
31.99
6.76
38.00
199.99
56.99
5.00
16.85
199.99
8.99
64.95
339.99
12.50
4.99
9.99
70.00
264.75
6.76
199.99
9.95
240.00
179.99
6.98
6.98
6.76
6.76
129.99
60.00
12.49
80.00
25.98
20.99
29.95
189.99
20.66
139.99
6.99
57.50
149.99
4.99
2.71
39.99
90.00
26.99
57.50
120.00
6.50
6.76
35.00
10.95
49.78
44.95
27.00
329.88
45.00
98.00
154.99
3.70
79.95
99.00
5.00
2.97
65.00
124.99
48.00
2.29
3.29
140.00
129.99
79.95
169.95
7.99
43.23
26.99
9.99
178.19
9.50
45.99
50.00
24.99
35.00
57.50
14.99
295.00
19.99
99.95
6.50
6.99
209.95
9.99
42.99
17.41
16.39
99.98
66.77
17.99
59.95
64.95
17.19
11.88
4.99
4.95
9.99
88.00
29.99
49.99
26.00
42.99
149.99
8.95
139.99
179.99
29.95
47.99
5.00
69.95
9.99
57.38
650.00
175.00
95.99
59.99
39.99
0.99
59.98
4.99
39.99
15.95
90.99
120.00
200.00
129.99
79.99
11.99
322.12
26.92
274.99
16.00
3.99
18.71
30.92
29.61
59.95
23.50
169.95
42.99
39.99
17.99
9.99
6.00
5.00
7.79
154.99
99.95
100.00
39.99
14.95
75.00
5.50
184.99
199.99
129.99
80.00
80.00
150.00
179.99
9.49
17.72
9.99
74.99
64.99
135.00
80.00
139.99
74.95
57.00
109.99
135.00
189.99
4.99
3.00
24.87
36.50
44.99
8.88
54.99
3.02
85.00
129.95
24.20
99.95
14.99
429.95
109.99
155.00
13.99
105.00
49.99
119.99
279.99
96.50
45.99
2.79
49.99
0.99
4.00
20.00
19.99
197.50
177.00
16.99
46.99
11.50
125.99
154.99
99.00
60.99
153.78
94.95
24.99
9.99
219.99
275.95
26.00
64.99
7.49
68.25
69.99
88.00
59.95
185.00
36.99
10.00
115.00
129.99
95.00
113.50
1.50
180.00
49.99
49.99
12.99
150.00
119.77
10.99
100.00
70.00
24.95
84.95
12.59
111.59
49.99
79.00
269.99
34.99
144.99
45.25
50.00
144.99
31.99
27.88
4.99
59.95
11.50
23.00
120.00
8.99
385.00
225.00
44.99
127.95
1.12
219.00
49.99
74.99
4.99
29.99
11.95
229.99
23.77
5.99
225.00
200.00
16.95
140.00
133.99
68.49
126.99
1195.00
114.99
7.99
43.74
6.00
16.95
130.00
44.99
125.00
29.00
9.50
89.00
9.75
1.99
125.50
6.99
32.98
24.87
4.99
85.99
19.99
76.95
37.99
10.99
185.00
27.00
39.95
29.99
43.90
11.54
15.00
19.89
27.00
29.95
35.00
59.95
7.99
19.99
20.00
55.00
34.99
99.99
16.91
11.30
16.97
16.93
6.69
9.00
85.00
129.99
99.95
32.24
16.15
16.89
59.99
14.99
69.95
44.97
35.00
33.80
189.00
14.99
269.99
200.00
250.00
55.00
36.88
4.30
39.99
11.60
159.95
12.35
129.99
18.99
32.36
209.95
9.95
8.99
148.95
5.99
6.59
2.99
6.23
129.99
30.00
73.99
43.50
25.93
42.90
79.95
34.16
7.88
129.71
0.99
89.99
132.75
18.60
13.99
20.00
22.50
23.82
349.95
185.00
49.95
16.92
50.00
125.00
75.00
4.95
69.95
100.00
11.19
10.99
199.00
15.00
24.99
5.99
25.99
159.99
49.95
25.00
338.31
143.99
159.99
24.75
99.99
269.00
48.77
19.99
1.99
1.99
16.00
10.00
29.99
19.99
114.99
22.99
17.00
0.99
9.99
27.95
140.00
100.00
44.99
9.98
165.00
7.99
34.00
59.95
5.00
140.00
14.99
43.99
24.87
175.00
4.99
59.99
29.95
39.95
154.99
25.00
119.99
59.99
149.99
18.03
23.98
99.00
17.79
11.99
50.00
7.95
20.00
209.95
11.76
5.99
7.50
14.99
5.55
24.89
9.88
189.00
165.00
35.00
42.75
212.00
19.99
129.99
130.00
14.75
29.99
99.95
110.00
60.00
69.95
46.90
49.99
1.79
184.99
169.99
19.95
135.00
120.00
15.99
24.25
16.91
44.99
6.99
25.95
139.99
35.00
72.89
169.99
264.99
199.99
24.95
30.07
5.99
10.00
24.99
119.00
34.99
7.95
48.00
59.99
4.99
49.98
13.75
155.00
14.95
64.59
199.99
74.95
25.00
30.00
14.99
185.00
24.88
220.00
4.99
15.96
250.00
24.66
50.00
39.99
22.95
129.99
29.99
74.99
7.95
12.39
11.95
14.99
59.99
225.00
34.99
65.00
99.99
12.99
89.99
2.05
229.00
44.77
78.99
16.89
22.99
19.99
315.00
105.00
134.99
157.99
90.00
5.99
27.77
29.99
2.88
35.99
45.00
15.96
63.99
118.00
26.99
10.99
8.95
199.99
50.00
73.99
100.00
17.99
189.95
15.00
119.99
19.40
5.30
8.99
25.00
29.99
39.99
140.00
29.99
20.00
29.99
29.95
80.99
149.99
2.00
120.00
29.99
98.00
39.95
89.99
185.00
39.99
1.02
99.95
24.99
49.99
29.00
4.99
16.89
11.95
53.99
47.95
45.00
53.00
19.95
25.00
60.49
14.99
209.95
29.95
19.99
40.00
8.99
42.00
34.40
19.99
4.49
5.96
20.00
129.99
0.99
40.99
12.99
6.79
4.99
25.99
5.99
139.99
99.95
12.95
13.99
320.00
8.00
75.00
139.99
170.00
9.00
99.00
14.99
99.99
38.80
149.00
37.95
89.99
89.98
59.99
36.95
35.00
29.99
169.95
24.87
220.00
35.00
27.99
1.62
29.94
11.99
69.99
65.00
19.99
189.99
19.99
19.99
90.00
135.00
8.50
140.00
76.00
8.99
8.99
94.99
65.00
0.99
45.00
68.88
75.00
150.00
26.99
3.00
5.00
229.00
45.00
159.99
45.00
0.99
30.18
9.18
80.00
5.99
189.00
179.99
195.00
225.00
90.00
110.00
7.99
6.99
9.50
13.49
62.00
51.99
30.00
20.50
72.99
150.00
39.99
79.95
185.00
245.00
219.00
10.37
27.99
120.99
30.95
99.99
28.50
22.99
250.00
48.99
15.99
50.00
9.49
325.99
70.00
12.99
30.00
44.99
12.95
100.00
12.99
21.25
189.99
19.99
118.00
19.99
26.99
189.00
99.00
70.00
444.99
29.95
200.00
38.95
119.99
65.00
199.00
75.00
49.99
276.80
80.00
29.95
12.99
25.99
3.99
13.99
19.99
6.76
12.95
59.95
75.00
54.50
8.15
12.00
4.99
158.95
169.99
99.99
34.95
7.99
14.99
11.24
17.99
113.90
10.99
22.77
69.99
11.69
174.50
12.99
165.00
35.99
78.97
24.99
140.00
33.99
1.29
174.99
37.95
19.99
19.99
152.99
140.00
16.22
219.95
100.00
84.99
825.00
159.99
60.00
65.00
7.99
65.00
12.19
2.49
299.00
39.95
9.94
39.99
41.99
84.95
30.00
114.99
85.00
60.45
226.54
40.00
34.95
175.00
300.00
8.99
29.99
19.99
50.00
29.99
79.99
249.95
49.99
19.99
39.99
16.95
19.25
210.00
168.00
168.00
224.00
218.00
12.99
14.99
24.99
34.99
99.95
45.00
144.99
99.00
135.98
21.99
49.99
75.00
95.00
139.00
94.99
24.99
84.99
250.00
90.00
44.99
150.00
107.99
9.99
125.00
10.00
100.00
31.96
60.00
24.90
84.00
42.41
104.99
124.95
13.56
45.00
199.00
49.99
16.97
41.95
84.95
55.99
58.35
9.95
300.00
29.90
99.95
7.95
185.00
19.80
42.80
49.80
19.99
223.80
58.80
1.41
17.99
249.99
265.00
23.99
130.00
114.98
49.99
69.99
239.00
31.59
29.12
42.99
19.95
118.00
145.00
54.99
20.00
150.00
2.08
2.08
16.11
1.38
1.38
9.99
35.00
35.96
14.99
27.99
84.99
75.00
30.00
16.41
29.99
159.00
49.95
18.99
1.18
14.98
119.98
49.95
9.95
54.11
52.80
229.00
1699.00
71.99
6.99
4.00
179.00
65.99
59.99
29.99
49.99
8.99
5.95
66.99
235.00
3.22
33.80
31.00
45.00
81.77
63.13
23.47
322.12
24.87
8.59
50.00
1.79
7.04
7.04
7.04
6.00
9.16
9.16
9.16
9.16
7.04
26.90
12.99
0.99
169.99
10.32
10.32
100.00
19.09
2.35
209.95
2.48
149.99
2.48
2.48
87.30
249.95
37.93
2.48
8.95
83.99
45.00
75.00
219.00
33.50
349.00
39.99
16.99
67.91
90.00
82.95
13.99
22.99
16.99
100.00
69.95
1.99
14.99
24.88
17.00
249.99
249.95
9.98
299.95
199.00
29.55
8.99
15.99
239.00
20.96
79.95
900.00
264.99
259.00
14.99
16.91
15.99
29.99
109.99
45.99
235.00
92.60
19.99
99.95
32.95
94.00
74.99
49.99
19.50
79.99
9.95
19.99
9.99
49.99
0.99
157.99
46.00
32.37
10.99
42.99
26.00
149.99
9.59
50.99
19.99
47.95
159.99
117.99
80.99
59.99
98.00
25.95
155.95
39.75
39.99
55.00
17.99
69.00
4.00
120.00
30.00
49.95
27.09
13.99
39.99
110.00
119.99
11.25
14.99
5.93
130.00
37.99
22.00
119.99
34.99
24.99
45.00
15.46
219.95
118.00
267.42
6.99
227.99
124.99
49.00
19.99
79.95
67.99
10.00
100.00
130.00
119.95
8.99
19.99
49.99
64.99
5.79
43.99
139.99
19.34
19.99
49.00
79.99
19.98
169.99
250.00
122.39
150.00
17.99
39.90
9.99
44.95
237.60
69.99
78.97
139.99
24.98
24.98
24.98
625.00
5.99
4.50
3.99
134.50
54.99
118.00
39.00
73.00
99.95
9.95
6.70
34.99
7.99
34.95
4.99
29.99
4.99
9.99
88.00
220.00
573.50
75.59
14.99
149.99
8.99
56.99
18.99
159.99
130.00
89.99
84.95
38.95
109.95
229.99
24.89
135.00
125.00
149.00
29.99
70.00
75.00
160.00
22.95
5.96
58.31
29.99
80.00
14.99
129.99
9.99
8.99
45.00
6.88
35.99
159.95
24.99
2.08
7.50
100.00
9.85
99.00
84.95
675.00
185.00
69.95
139.99
200.00
74.99
13.99
99.99
18.38
8.99
49.95
49.99
11.99
49.95
225.00
49.95
41.98
165.00
24.95
20.65
26.99
55.00
199.95
109.99
60.00
49.95
54.99
149.00
11.00
9.99
60.00
17.99
1.55
59.99
19.95
13.26
349.95
50.00
34.95
159.95
49.95
95.00
115.00
7.89
19.99
65.00
99.95
8.99
25.99
329.88
11.99
11.99
89.98
19.99
14.99
199.99
69.99
220.00
35.50
16.99
40.00
10.99
22.99
4.59
0.99
74.95
116.00
80.00
19.95
34.99
17.95
70.00
12.79
24.21
275.00
42.99
99.00
118.92
117.99
34.95
185.00
105.99
16.99
275.00
13.99
33.99
112.99
14.99
24.95
44.99
4.27
124.99
189.00
14.29
69.95
94.96
11.99
38.64
125.00
69.99
4.99
40.00
160.00
154.99
26.99
135.99
30.00
99.95
60.00
119.99
7.43
249.00
25.00
235.00
11.25
11.25
27.00
114.98
19.95
60.00
100.00
1049.99
7.49
135.00
28.00
219.99
49.99
199.99
29.71
29.99
79.95
20.00
39.95
29.99
12.50
1.15
1.94
1.94
89.99
119.99
1.94
79.95
25.20
23.95
65.00
8.96
27.99
38.62
14.00
280.00
95.99
8.99
13.75
13.79
13.79
31.16
4.99
24.93
24.93
24.90
24.91
38.76
63.95
11.99
199.00
79.99
7.19
264.89
30.00
26.00
100.00
85.00
29.99
9.99
11.99
70.00
109.99
69.99
59.99
2.79
65.00
99.95
20.31
99.00
299.00
157.99
12.59
39.99
179.99
170.00
12.50
26.99
29.00
20.00
45.00
129.95
7.20
154.99
0.99
43.00
55.00
47.90
99.99
139.99
38.00
66.37
119.99
69.98
149.95
99.99
49.00
10.99
19.00
169.00
58.99
59.99
10.99
75.00
11.99
23.99
59.99
155.00
20.00
11.00
260.00
19.99
59.99
210.00
24.87
8.99
25.00
97.25
17.99
34.00
24.89
189.00
19.99
80.00
34.99
29.99
19.99
15.99
11.99
29.99
29.99
35.50
29.99
99.00
69.99
65.00
239.95
19.99
44.99
25.95
29.99
165.00
109.95
36.95
199.99
17.99
23.50
6.99
11.95
14.00
62.00
64.99
5.95
23.99
15.65
40.00
209.95
95.00
26.95
70.00
21.95
5.50
32.00
20.95
32.00
114.98
7.88
44.99
49.99
14.86
135.00
28.28
5.00
24.93
39.99
110.00
195.00
13.99
59.99
190.00
38.89
167.99
4.99
149.99
28.11
114.98
15.00
34.99
8.99
8.99
8.99
8.99
9.98
275.00
39.99
65.00
25.77
5.00
79.99
19.99
7.95
98.00
13.77
24.99
6.85
17.00
15.95
199.00
24.90
25.00
9.99
119.00
89.00
79.99
269.99
12.80
12.99
39.95
114.98
38.95
199.00
9.33
9.33
75.00
195.00
42.98
185.00
269.75
45.00
159.99
199.95
39.99
5.99
29.95
5.99
100.00
49.99
79.00
19.99
18.00
185.00
24.87
12.99
6.24
40.00
24.87
6.99
5.90
16.17
29.95
120.00
38.00
24.99
9.99
120.00
29.95
8.99
104.99
5.00
34.99
44.95
50.00
340.00
16.99
110.00
50.00
90.00
69.99
63.13
1.99
99.99
239.99
49.99
4.79
279.99
14.99
2.66
35.00
49.99
27.00
23.50
169.99
70.00
13.99
149.99
18.00
270.00
12.99
69.95
9.79
69.95
78.99
295.95
155.00
115.00
16.99
129.99
84.96
7.90
26.00
24.89
65.00
24.87
141.00
113.00
18.99
19.95
4.49
195.00
280.00
4.96
199.00
89.00
25.99
2.19
499.99
8.75
1.98
59.99
14.75
11.00
69.99
1.55
6.88
14.99
9.99
12.99
849.00
30.00
8.90
3.29
3.49
114.98
10.95
199.99
11.99
6.00
56.12
24.89
2.99
23.99
14.88
59.00
900.00
13.00
1.39
249.99
89.00
249.00
10.99
11.49
12.99
31.99
14.99
8.99
29.99
39.00
6.95
5.99
79.99
50.00
14.95
105.00
43.60
14.99
7.99
29.99
25.00
69.99
22.00
17.95
16.89
60.18
13.49
78.97
1.47
29.99
69.99
19.99
39.99
75.00
69.99
34.99
59.00
59.99
12.00
88.21
320.00
8.99
15.00
76.00
14.09
27.95
14.95
8.99
49.99
34.99
16.99
349.99
79.95
2.00
109.99
100.00
12.49
9.44
29.95
116.00
269.99
18.99
42.99
275.00
50.00
135.00
6.90
15.50
62.99
14.99
29.99
65.00
110.00
14.99
120.00
6.00
6.99
39.99
98.99
110.74
12.49
80.00
220.00
28.99
15.00
65.00
75.00
159.99
55.00
49.49
80.99
3.39
59.99
38.99
12.99
59.95
24.99
59.99
169.94
3.49
7.89
12.95
10.60
30.00
107.00
9.50
10.60
89.99
23.95
65.00
26.00
29.99
170.00
35.99
149.99
29.99
45.95
19.99
7.50
105.00
24.99
37.95
4.99
150.00
225.00
6.99
12.88
14.95
19.99
69.95
24.75
44.99
21.30
25.48
66.80
15.00
30.00
15.00
99.99
19.00
1.15
24.95
50.00
170.00
70.00
9.95
160.00
8.09
29.90
13.99
158.99
149.99
159.00
199.99
79.95
79.99
9.88
29.99
21.77
7.99
79.99
45.00
69.99
199.99
19.99
104.00
199.95
22.99
9.99
6.00
12.95
48.61
20.00
200.00
149.00
99.95
2.99
119.95
88.00
85.00
150.00
10.49
65.00
54.95
16.69
139.99
49.99
54.99
39.99
129.99
70.00
22.96
200.00
75.00
145.00
12.95
59.95
69.49
4.99
15.90
115.00
19.95
65.00
14.49
6.99
99.95
100.00
24.71
12.49
14.39
12.49
8.99
74.00
24.98
35.00
11.49
12.00
44.95
13.99
39.99
299.00
105.00
30.00
149.99
63.95
120.00
170.00
10.00
135.00
76.33
7.79
135.00
164.95
18.99
14.00
349.00
5.99
145.00
79.95
159.00
12.99
107.47
12.68
19.99
26.99
144.95
136.99
99.99
16.50
119.99
135.00
40.00
12.00
320.92
11.95
49.99
169.99
9.99
209.95
29.99
108.95
69.99
5.99
309.99
37.93
24.99
149.00
47.95
129.95
18.48
149.95
260.00
34.95
43.99
27.50
43.00
115.00
2.99
15.00
14.57
110.00
29.95
70.00
100.00
29.99
40.00
16.17
3.99
189.99
22.00
15.00
19.99
49.99
11.50
79.95
38.88
49.99
29.95
35.00
15.00
199.00
179.95
19.99
37.95
37.95
8.99
27.00
27.00
29.95
27.00
27.00
27.00
27.00
80.00
279.99
13.39
54.95
100.00
4.99
19.95
19.99
99.99
24.95
49.95
15.29
25.88
17.88
11.00
12.34
264.99
15.00
29.99
79.99
54.99
19.99
6.99
11.50
38.99
19.99
32.00
29.00
130.00
184.99
59.00
129.99
114.99
6.74
195.00
2.50
44.99
39.96
139.99
14.99
16.95
13.99
9.99
14.58
13.74
43.50
19.95
18.00
9.29
18.99
19.99
54.99
189.00
200.00
1.69
73.20
349.00
13.95
17.95
24.75
99.99
16.89
15.00
95.00
8.00
99.99
69.99
19.99
21.50
55.99
9.98
27.95
239.99
49.99
190.00
18.79
54.95
10.94
73.99
17.99
49.99
59.00
3.99
39.95
79.95
329.99
185.00
79.99
299.99
39.99
49.99
325.00
39.99
4.99
59.99
14.99
19.99
34.99
9.00
12.99
65.00
36.99
28.49
170.00
4.98
24.87
19.99
36.99
14.98
22.99
64.99
249.99
30.99
7.95
19.38
22.99
69.99
21.24
125.00
119.00
17.99
12.00
49.95
39.99
9.99
194.80
139.99
249.99
80.00
19.99
16.19
15.00
239.95
45.00
25.00
99.95
18.95
14.99
17.99
64.99
379.00
229.99
230.00
10.99
150.00
215.00
21.98
96.99
35.39
18.75
139.99
19.99
340.00
49.00
19.99
18.99
18.95
249.99
6.50
125.00
144.99
29.00
15.95
99.99
273.33
33.85
124.99
5.99
165.85
22.95
230.00
99.99
49.99
225.00
79.99
68.20
16.89
39.90
4.98
7.99
43.99
45.00
114.98
70.00
19.37
69.60
21.73
36.95
60.00
9.72
95.00
28.89
300.00
14.95
135.98
41.99
19.99
4.99
139.95
209.95
9.95
6.49
279.99
12.99
138.00
69.95
100.00
9.99
58.00
15.90
9.99
49.95
10.00
75.00
16.67
154.99
42.99
34.80
33.36
0.99
54.96
7.99
15.99
179.00
49.99
18.99
50.99
89.99
230.00
75.00
19.99
15.99
38.00
50.00
13.23
23.20
59.99
38.49
17.99
29.99
99.99
4.79
34.95
19.99
27.00
30.00
24.95
4.99
275.00
45.00
18.49
39.85
4.99
100.00
5.95
159.99
35.99
149.00
50.00
39.99
26.99
59.98
329.99
109.95
109.49
205.00
45.00
64.99
49.99
17.98
119.00
158.88
69.95
28.87
145.00
37.23
12.98
9.00
16.99
48.80
75.00
12.95
6.78
6.88
89.99
79.95
39.99
99.95
59.99
101.00
179.95
18.99
78.00
23.00
64.99
27.25
19.00
204.99
10.19
10.19
32.90
389.00
215.00
69.00
4.42
4.37
4.21
4.30
4.30
14.85
29.99
4.76
5.08
19.97
4.76
4.37
4.31
4.76
4.89
14.95
47.80
17.99
75.00
83.00
59.95
24.92
27.40
68.99
65.99
23.99
79.95
129.95
99.00
320.00
39.88
125.00
13.00
149.99
149.99
54.99
49.99
174.95
14.99
119.99
29.99
19.99
39.99
5.99
119.99
69.99
62.00
28.99
98.99
17.95
385.00
114.98
109.99
40.00
69.99
13.99
2.00
53.94
29.98
11.19
54.99
88.00
1.32
39.99
3.99
7.80
39.99
0.99
119.00
39.99
99.99
8.99
99.99
168.40
93.99
140.00
229.99
249.99
269.00
7.69
69.99
199.00
6.99
11.99
2.99
2.99
2.99
47.95
2.99
15.99
4.50
2.99
2.99
2.99
140.00
115.99
29.96
6.00
4.99
4.99
13.99
39.99
39.99
149.99
99.95
3.95
19.99
229.95
199.00
154.99
27.99
109.95
9.95
59.99
39.99
350.00
79.00
265.00
14.99
12.99
15.95
140.00
15.96
200.00
90.00
254.99
19.99
6.95
22.50
15.00
24.99
229.99
27.95
3.99
3.99
29.99
18.08
3.50
6.29
249.99
32.95
34.88
74.99
10.99
104.49
3.99
99.99
119.99
12.99
15.99
12.99
269.00
269.95
15.00
275.00
60.00
17.98
149.99
265.00
11.79
19.95
48.00
12.00
74.90
149.99
11.49
7.99
225.00
67.95
44.00
6.99
6.98
125.00
19.99
49.99
69.00
139.99
199.99
175.00
29.99
60.00
4.29
50.00
88.00
14.99
48.00
59.99
89.99
45.00
4.99
225.00
243.00
92.80
69.99
5.00
127.00
74.95
90.00
29.99
14.99
90.00
99.99
130.00
87.99
24.95
49.00
9.96
158.88
49.30
4.99
125.00
5.99
69.99
9.49
278.99
6.75
7.88
39.99
99.00
9.99
99.99
49.99
16.00
185.99
60.00
199.95
14.86
70.00
100.00
30.00
49.99
45.00
29.99
159.99
259.99
5.91
140.00
69.00
30.00
19.95
309.99
24.89
145.00
54.88
12.99
4.99
69.99
69.99
8.95
95.00
7.99
9.99
251.99
7.88
22.50
5.00
18.50
20.99
334.00
23.48
9.00
49.99
200.00
149.99
11.99
36.98
45.00
250.00
150.00
49.99
99.95
32.99
45.00
159.99
80.00
100.00
9.95
99.99
95.98
595.00
49.99
254.99
10.99
75.00
39.99
50.00
48.58
14.99
100.00
44.79
59.99
19.99
39.50
20.00
2.79
12.20
29.95
23.88
37.99
22.99
76.03
76.03
4.95
83.99
11.36
5.15
99.00
16.99
139.99
89.99
32.99
21.99
106.00
59.00
150.00
6.89
45.00
99.95
25.88
34.95
79.99
20.00
264.99
16.69
12.95
2.59
25.00
30.00
175.00
10.00
19.99
11.31
38.85
24.99
194.95
149.99
39.95
2.71
60.00
0.99
15.00
15.99
189.99
19.99
30.00
140.00
79.99
48.88
8.99
12.50
59.99
184.99
2.99
49.95
19.99
107.80
5.54
18.95
10.99
18.99
14.99
14.99
14.99
14.99
14.99
19.40
34.99
22.95
125.00
39.98
30.00
13.42
24.99
40.00
65.00
29.99
194.00
64.99
59.99
79.99
59.99
59.99
69.99
59.99
79.95
5.99
23.84
250.00
7.68
119.99
59.99
25.95
2.72
9.99
50.00
155.00
19.99
9.99
2.71
159.99
24.99
5.20
595.00
27.99
7.50
24.95
30.00
180.00
35.99
15.99
24.95
181.50
15.00
38.79
54.99
17.05
11.00
14.99
38.95
99.95
159.00
139.99
22.00
129.98
65.99
24.99
19.99
14.99
129.95
85.00
4.95
109.99
209.00
18.95
44.95
149.95
18.36
124.99
19.99
37.95
58.87
1.00
79.99
14.99
31.99
39.95
32.00
39.99
6.99
65.00
29.99
179.99
59.99
5.04
4.95
129.98
17.49
29.99
22.49
4.10
99.50
85.00
49.95
146.89
69.98
5.99
26.88
14.99
39.99
29.95
17.99
125.99
1.49
170.00
99.95
270.00
9.99
150.00
114.98
249.00
399.00
349.00
249.00
8.00
195.00
24.87
39.99
130.00
99.99
19.95
12.95
14.49
11.99
34.99
134.99
19.99
16.89
12.48
10.99
4.99
25.00
34.99
27.99
49.95
134.95
19.98
35.99
59.99
13.99
16.95
135.00
19.99
39.99
10.99
84.95
76.99
99.99
7.88
22.99
11.99
8.08
12.99
29.95
10.99
15.00
14.36
29.99
235.00
29.99
85.00
15.99
89.99
55.00
52.90
149.99
100.00
119.99
164.99
179.00
74.99
4.89
80.00
269.99
45.00
49.99
239.99
8.99
29.99
149.99
79.99
13.88
100.00
149.99
12.99
35.00
25.00
23.99
79.99
285.00
13.95
9.99
7.49
9.99
115.00
135.00
19.00
34.50
9.48
88.99
2.99
8.27
12.50
159.99
4.99
45.00
8.99
115.00
69.95
270.00
1.29
66.50
180.00
129.99
79.99
19.95
9.45
199.99
39.95
64.50
149.95
29.99
29.99
100.00
33.99
18.75
59.99
29.90
4.99
2.69
199.00
6.75
6.75
49.99
18.00
50.00
43.90
140.00
9.99
39.99
14.95
49.95
14.95
219.99
90.00
47.00
19.00
9.99
19.99
19.99
267.42
80.00
29.99
7.99
7.38
3.99
29.95
70.00
149.99
14.99
98.99
19.99
335.00
109.99
29.88
55.00
225.00
168.75
27.90
5.50
14.99
21.99
19.99
6.99
12.99
19.90
15.00
99.95
99.99
69.00
129.98
16.99
21.99
6.49
3.99
6.17
5.99
22.99
19.99
25.99
20.99
18.99
6.99
9.99
10.99
16.91
34.95
34.99
16.45
92.00
40.95
35.00
10.99
199.00
539.99
184.95
6.50
32.99
33.12
110.00
45.00
89.99
197.00
118.00
479.00
479.00
297.00
297.00
197.00
79.99
88.80
55.00
79.95
205.00
59.99
118.00
118.00
118.00
108.00
149.99
8.95
110.00
26.99
34.80
100.00
14.89
5.99
169.99
40.00
57.99
105.00
29.99
32.99
22.54
24.87
16.92
1.32
48.99
7.19
55.90
54.00
99.95
118.99
100.00
27.98
87.95
16.89
80.00
119.98
569.99
49.95
2.79
14.95
10.75
60.00
50.00
7.90
159.00
37.99
7.99
55.00
49.59
16.93
29.95
84.95
7.00
11.90
8.29
65.00
19.99
40.00
10.99
1.59
8.99
15.00
250.00
119.99
12.95
7.29
264.99
0.99
4.64
199.00
120.00
96.64
10.99
24.87
4.80
4.80
16.89
184.99
229.95
27.29
8.99
208.00
79.95
20.00
3.50
45.99
29.88
5.89
39.00
4.99
72.80
67.19
60.00
89.98
69.99
249.99
9.99
274.00
54.99
49.95
36.99
2.39
97.88
199.99
184.99
7.95
7.50
48.88
60.00
14.95
27.50
9.99
21.79
18.79
34.99
22.99
335.00
89.00
42.00
122.95
35.99
25.00
250.00
49.00
7.66
19.99
29.99
124.99
105.00
230.00
80.99
149.99
2.99
80.00
4.50
120.00
140.00
189.95
64.99
26.99
7.40
149.99
185.00
22.99
39.99
94.99
9.99
10.99
28.00
59.99
9.99
54.99
5.99
34.99
45.00
11.85
17.99
12.99
11.99
149.99
64.99
8.79
85.00
58.69
15.99
130.00
14.84
4.50
239.99
11.99
14.99
24.95
200.00
24.95
99.00
22.13
120.00
5.68
0.99
15.29
145.00
45.00
83.00
135.00
19.99
1.43
1.45
18.95
19.99
94.95
27.99
134.89
5.19
14.99
4.99
145.00
140.00
4.69
63.49
709.00
18.60
12.99
29.80
31.00
45.99
59.95
49.99
13.99
109.99
119.98
24.99
7.77
224.99
22.00
185.00
34.88
79.99
6.94
100.00
145.00
80.00
5.99
9.99
4.93
84.95
11.99
79.99
59.00
4.29
4.59
7.95
70.00
14.99
49.99
9.95
9.95
11.36
77.88
9.95
130.00
135.97
99.99
99.99
9.95
144.99
10.95
95.00
99.99
39.99
35.00
64.73
17.88
14.95
27.99
100.00
3.99
9.99
32.99
65.00
19.99
13.99
44.95
495.00
10.88
79.99
59.99
11.69
45.95
29.99
15.00
499.95
125.00
249.99
570.00
4.77
109.99
7.99
59.95
40.00
84.95
23.95
85.49
129.99
11.99
64.98
139.99
47.95
42.00
49.95
85.00
133.00
167.99
109.95
159.99
49.99
220.00
199.99
11.47
33.60
89.00
12.50
5.54
6.99
32.00
34.99
160.00
7.99
11.95
15.99
30.00
13.99
20.00
13.99
45.00
77.75
15.00
4.99
100.00
28.00
40.00
199.99
15.99
35.00
99.00
79.99
18.95
27.94
45.00
24.99
43.75
139.99
154.95
19.95
49.97
75.00
0.99
25.99
40.00
40.00
80.00
9.95
200.00
35.00
129.99
10.50
119.99
16.99
140.00
70.00
36.00
24.99
49.95
175.00
229.99
84.95
36.95
11.95
27.99
18.99
134.99
59.99
129.98
135.00
124.99
14.99
65.00
8.99
125.00
3.95
36.98
62.98
4.89
19.99
14.95
129.99
8.49
7.80
429.00
5.25
35.00
69.99
28.94
8.99
99.99
18.00
20.00
9.89
96.50
120.00
130.00
138.00
130.00
128.99
11.95
8.99
5.50
8.99
19.00
15.99
24.99
120.99
140.00
31.99
34.99
24.99
69.95
9.99
4.08
16.99
39.99
4.00
39.99
19.95
189.95
1.15
101.00
119.95
79.99
16.95
150.00
49.99
49.99
284.00
60.00
32.36
4.99
14.00
100.00
129.00
49.99
49.99
49.99
33.80
227.99
189.99
168.00
9.99
14.95
24.87
40.00
239.99
15.46
179.99
24.99
79.99
34.99
10.95
19.44
9.49
39.99
164.95
24.99
9.99
12.63
95.99
108.95
22.00
12.19
297.99
34.95
19.99
3.99
27.99
24.97
129.99
190.00
61.60
84.95
14.99
54.27
47.95
41.19
45.99
65.00
25.20
4.84
9.97
80.00
84.99
34.99
39.90
139.99
80.00
29.95
40.00
34.88
12.99
80.00
129.95
6.88
6.95
69.99
4.99
19.99
29.95
32.99
179.99
31.99
39.99
29.99
135.00
82.99
97.00
45.95
60.00
18.70
5.99
14.86
7.19
39.99
6.00
49.99
189.99
6.99
19.99
38.99
16.99
100.00
59.00
27.77
119.00
22.99
59.99
19.95
29.99
94.99
79.95
194.99
35.00
49.99
349.95
25.50
59.95
29.95
59.99
149.99
120.99
12.00
39.95
59.99
69.95
16.00
65.00
35.98
14.00
29.95
27.99
6.59
59.99
11.95
76.23
134.00
19.99
140.00
75.00
3.49
130.00
30.00
24.77
8.95
4.99
174.95
109.99
18.95
21.25
18.00
100.00
29.99
79.95
19.99
73.00
99.99
100.00
8.87
249.99
19.99
225.00
18.00
59.99
1.41
24.99
100.00
358.99
19.99
30.00
39.95
29.99
188.99
99.95
358.99
14.86
22.99
119.95
19.95
100.00
348.99
34.95
36.75
193.00
4.99
243.11
19.99
169.99
5.95
60.00
49.99
49.95
16.95
10.99
25.99
14.09
22.99
237.00
70.50
10.99
145.00
129.98
119.95
20.99
68.00
4.99
11.97
37.95
29.99
12.80
12.63
4.99
185.00
12.95
229.95
168.99
219.00
29.95
169.00
5.99
24.99
308.99
24.99
10.99
149.00
85.00
150.00
14.99
62.69
8.99
36.99
15.99
13.49
0.99
82.39
50.00
5.99
230.00
5.29
48.58
79.99
39.99
99.00
24.99
23.95
14.40
11.99
79.99
60.00
6.50
24.97
17.50
47.00
41.99
18.00
79.99
229.75
39.99
109.95
31.95
25.95
38.99
39.00
25.00
89.99
40.00
14.77
109.95
6.99
29.90
159.99
74.99
12.95
17.88
18.85
40.00
85.99
124.99
17.99
1.99
46.99
23.99
26.95
3.99
119.99
29.99
59.99
12.99
55.00
30.00
19.95
135.00
119.00
39.00
39.95
17.99
14.99
49.99
35.00
13.99
95.00
11.88
1.99
1.99
1.99
99.00
4.99
142.00
49.49
64.99
238.00
225.00
160.00
25.99
8.99
244.00
499.00
37.99
160.00
6.64
189.00
20.00
124.55
12.95
13.49
19.99
159.00
19.99
140.00
126.99
49.99
34.99
19.99
14.99
114.75
229.95
184.00
150.00
11.39
40.00
119.99
160.00
0.99
50.00
6.95
119.99
14.99
7.99
14.99
175.00
21.90
129.00
14.99
13.95
12.95
64.99
190.00
47.95
5.98
15.95
4.99
5.99
148.00
2.09
12.99
9.99
18.95
59.95
209.99
59.98
29.95
79.79
55.99
8.90
40.00
59.99
179.00
229.99
0.99
2.99
3.00
16.99
149.95
45.50
3.50
19.50
45.00
9.95
180.00
3.00
3.00
3.00
3.00
3.00
3.00
168.95
10.95
14.99
99.95
100.00
99.00
8.99
39.95
10.50
69.99
10.00
47.80
181.77
169.99
34.95
40.00
109.95
259.99
2.99
12.99
89.00
33.55
19.99
3.29
9.99
135.00
11.96
11.99
11.95
26.50
40.00
16.99
249.99
74.99
19.89
119.99
12.69
65.50
45.00
19.99
61.99
30.00
269.00
99.95
17.00
129.99
9.99
65.00
39.99
14.75
14.25
53.99
234.99
14.68
118.16
70.00
26.97
25.00
12.50
24.95
269.99
42.95
14.98
233.99
55.00
13.39
32.83
195.00
100.00
8.49
16.99
10.95
35.00
18.00
35.00
129.99
12.99
52.50
49.50
99.00
29.69
19.85
11.45
185.00
13.49
16.86
119.90
111.94
39.50
150.00
599.99
124.99
47.00
8.75
3.97
59.99
7.99
0.99
29.99
18.00
709.00
9.99
14.99
129.99
129.98
72.99
19.99
100.00
13.77
100.00
9.75
1.99
14.99
12.99
139.99
24.87
99.00
55.55
19.99
12.95
17.95
335.00
79.99
24.99
69.99
12.50
8.99
154.95
144.95
5.49
55.50
0.99
75.00
174.99
5.00
20.77
29.95
22.99
169.00
3.49
22.75
135.00
11.69
19.99
199.99
99.99
39.99
15.29
19.95
24.94
169.99
54.95
160.00
5.39
99.95
91.39
140.00
66.75
9.98
14.99
140.00
4.99
19.00
7.50
189.00
11.00
38.24
29.99
24.95
145.00
34.99
7.99
15.95
48.14
15.00
19.99
109.95
2.88
1.99
19.99
197.99
99.99
30.99
22.95
14.99
119.00
39.99
79.99
26.31
112.50
9.95
259.99
8.89
9.95
17.99
71.95
11.95
35.00
34.98
119.99
179.95
4.25
59.99
79.99
5.99
54.99
11.11
79.95
54.99
34.95
140.00
77.88
48.58
120.00
89.00
32.99
29.95
130.00
6.95
19.99
44.93
130.00
84.95
89.95
5.99
9.99
8.95
11.99
98.00
6.99
165.00
4.99
4.99
20.92
150.00
165.00
69.95
25.00
79.99
68.00
79.95
129.98
54.00
6.00
32.49
200.00
39.50
45.99
36.49
19.19
93.00
12.00
24.99
8.49
23.95
16.89
24.95
40.00
145.00
49.00
125.00
29.95
9.99
44.95
27.05
60.00
4.50
16.91
98.00
17.50
1.50
19.95
120.00
55.00
59.95
6.25
4.99
59.99
59.00
110.00
23.99
59.99
115.95
11.69
19.95
12.75
249.99
159.99
99.95
24.75
30.00
29.00
49.99
265.00
100.00
89.99
39.95
16.40
19.95
99.99
109.99
9.99
13.99
99.99
13.39
9.99
70.00
14.54
39.00
79.95
50.07
99.95
57.99
299.95
99.95
39.95
99.95
29.99
19.99
11.99
45.99
85.80
33.78
196.99
19.02
14.99
12.99
9.49
49.99
129.99
53.73
16.99
69.95
29.95
99.90
20.00
25.88
29.99
37.99
9.88
4.99
13.70
39.95
129.95
12.95
119.95
19.99
75.00
15.98
99.99
295.00
79.95
359.99
16.98
9.99
24.72
58.95
59.00
63.00
9.99
22.14
4.85
18.99
42.00
113.40
20.81
25.00
45.00
95.99
250.00
19.43
39.99
27.63
99.99
99.95
55.00
80.00
185.00
42.99
1.07
45.00
59.99
200.00
120.00
32.98
19.99
32.98
7.50
122.99
6.45
59.99
83.00
9.99
6.88
49.98
39.00
29.99
15.86
149.99
58.00
158.95
60.00
65.99
45.00
8.88
50.00
34.99
79.99
65.00
48.99
48.99
28.00
168.00
7.79
149.00
60.99
25.20
49.95
79.95
79.95
49.99
30.00
8.49
7.83
15.00
12.99
54.99
60.00
13.99
24.98
140.00
170.00
110.00
280.00
137.00
13.95
84.59
179.99
19.99
4.46
79.99
19.99
185.00
13.99
175.00
8.08
29.95
225.00
51.34
33.99
10.00
12.95
7.59
99.00
9.99
249.99
42.50
69.95
39.99
159.00
21.38
21.49
15.99
17.49
107.00
160.00
349.95
29.99
69.99
69.99
34.95
19.99
49.95
29.99
24.95
39.99
29.95
14.95
53.95
80.00
11.00
18.00
24.89
99.95
63.95
9.99
10.00
16.99
125.00
20.99
15.95
66.77
14.95
20.99
17.00
22.50
50.00
175.00
185.00
40.00
29.95
49.99
7.95
793.15
9.88
19.99
14.00
59.95
165.00
1.99
209.95
399.95
8.00
9.95
1.99
16.99
229.95
93.99
41.90
39.99
14.99
49.99
49.99
33.99
144.99
13.99
10.00
43.99
4.99
1.46
19.95
2.05
99.95
94.99
12.00
279.95
72.89
10.95
35.00
25.20
114.99
17.01
90.00
9.80
14.50
17.99
119.99
30.00
19.99
149.95
65.00
16.99
19.99
19.99
99.00
24.87
34.95
399.00
19.50
4.95
6.99
4.99
249.99
11.99
192.99
13.26
71.95
63.00
52.00
80.00
8.95
49.99
242.56
39.99
16.93
34.00
39.00
4.79
47.50
120.00
39.99
79.99
11.95
30.94
24.99
9.99
9.95
3.42
64.99
19.99
59.00
89.98
35.00
27.99
14.96
80.99
80.94
80.99
12.50
10.95
5.00
9.99
199.50
10.95
10.95
14.97
60.00
19.99
9.99
49.95
175.00
175.00
40.00
95.00
32.99
500.00
5.00
59.99
130.00
49.99
7.95
59.93
199.99
69.00
179.99
16.99
14.99
15.95
94.95
9.99
101.99
6.89
9.99
6.99
9.99
19.99
95.99
19.98
19.99
9.99
7.79
196.99
196.99
16.89
79.99
7.47
15.86
16.89
14.59
38.61
8.29
26.98
19.99
19.99
220.00
19.44
8.09
22.99
16.49
95.50
3.99
14.99
70.00
24.93
6.18
109.95
6.09
6.09
9.09
89.99
229.00
23.99
7.00
22.90
269.99
6.10
69.95
42.99
11.69
11.69
11.69
12.38
108.95
23.95
49.95
17.99
89.98
18.59
15.28
105.00
19.34
19.80
49.95
2.79
2.87
2.76
2.79
550.00
99.00
239.99
24.34
59.80
47.80
47.80
58.80
84.80
23.80
84.80
59.99
249.00
269.95
59.99
110.00
15.00
149.89
15.77
114.99
155.99
15.50
100.00
137.00
229.99
150.00
479.00
19.99
59.99
79.00
16.95
1.99
28.50
114.99
24.99
97.75
150.00
189.99
39.00
17.80
115.00
50.00
32.95
79.95
77.77
16.99
70.00
14.89
44.99
85.00
99.99
98.00
124.95
109.95
37.99
10.49
55.00
6.99
54.95
69.99
12.99
15.99
0.99
38.17
144.44
8.99
5.00
75.00
135.00
12.39
40.00
9.95
29.95
90.00
9.99
69.95
11.36
41.00
13.69
35.77
145.00
69.75
5.00
179.95
35.00
99.00
189.99
12.99
125.00
27.00
105.00
8.99
999.00
119.95
7.99
11.99
20.00
95.00
3.99
17.49
16.99
204.55
74.99
21.99
120.00
15.88
105.00
89.95
8.95
169.99
169.99
149.99
169.99
169.99
169.99
7.50
8.95
24.99
75.00
80.00
119.77
279.99
199.00
24.98
29.99
11.99
4.25
4.85
2.91
120.00
28.99
2.88
110.00
7.99
195.00
89.99
65.00
15.50
49.99
84.95
120.00
35.99
39.95
6.70
4.85
4.85
52.49
40.80
48.00
20.00
29.98
15.89
7.99
8.49
161.00
142.00
78.98
14.99
42.00
72.93
12.14
31.95
23.00
1.99
12.49
44.99
89.99
17.99
45.00
79.00
54.99
6.98
5.99
8.99
23.00
20.00
185.00
20.00
62.00
44.95
59.99
34.99
9.90
9.88
15.00
130.00
12.99
15.00
139.00
84.95
0.99
200.00
33.99
100.00
29.95
249.00
13.99
5.99
9.97
127.99
5.00
229.95
140.00
19.99
99.99
54.99
99.00
11.16
9.69
115.00
175.00
44.99
13.99
8.99
195.99
74.95
17.99
23.79
109.99
29.88
13.69
319.99
65.00
149.99
4.99
10.00
9.99
8.99
39.95
234.95
95.00
209.99
18.98
49.95
120.00
149.99
227.99
13.99
18.99
122.99
119.95
47.65
29.99
119.99
25.49
85.99
11.95
36.90
60.00
21.79
19.99
13.42
44.76
12.99
5.99
9.99
89.00
16.99
33.95
99.99
79.95
100.00
175.00
16.89
12.49
12.49
44.99
3.95
119.95
29.50
54.99
15.00
4.49
21.00
15.00
15.00
779.99
10.00
134.99
39.99
119.00
179.00
7.80
205.00
31.00
24.99
27.95
16.99
11.99
10.79
89.99
110.00
29.99
120.00
199.00
49.99
225.00
99.00
34.99
49.95
179.99
4.00
175.00
45.00
10.00
1.99
169.95
18.50
135.00
30.00
9.99
3.78
37.99
29.88
135.00
8.80
314.99
64.99
179.99
19.99
22.99
29.99
10.55
25.00
68.99
0.99
399.95
399.00
150.00
32.99
57.00
3.99
29.99
8.45
120.00
134.95
175.00
1.99
62.99
40.00
89.99
35.99
9.99
16.99
87.95
16.00
39.95
210.00
44.99
16.88
39.98
650.99
19.99
39.49
259.95
39.00
250.00
6.95
75.00
89.90
9.95
15.97
129.00
8.95
34.99
19.99
8.95
99.99
45.00
95.00
25.00
399.00
47.95
46.90
279.00
32.99
8.99
65.00
10.99
99.99
105.00
10.50
200.00
12.87
19.99
295.00
119.98
35.99
21.80
78.00
24.87
16.89
90.00
69.95
12.99
5.99
9.99
14.88
19.00
40.00
17.99
69.99
22.00
4.09
42.95
36.99
7.50
110.00
197.99
15.50
248.95
99.99
50.00
130.99
29.97
11.00
95.00
15.99
39.99
5.00
48.14
20.38
60.00
45.99
15.00
59.00
17.99
17.47
69.99
100.00
109.95
4.75
79.00
17.99
22.39
99.00
79.95
189.99
42.41
20.99
7.73
69.99
45.00
11.65
15.98
99.99
34.99
79.99
12.98
10.00
11.99
68.00
14.45
348.99
272.99
39.95
34.99
179.00
270.00
49.99
125.00
99.99
259.99
79.99
34.92
63.99
100.00
9.99
14.99
8.09
14.50
132.00
196.99
169.95
8.90
113.99
45.00
49.49
100.00
69.95
24.91
21.99
9.99
34.99
26.00
140.00
69.95
39.99
41.99
242.95
97.76
18.00
16.91
12.99
9.00
60.00
59.99
180.00
17.99
12.93
33.99
50.95
19.99
34.99
14.99
19.99
200.00
17.00
1.42
9.96
39.00
39.99
79.99
139.99
50.00
9.95
15.99
214.95
169.00
24.99
100.00
99.99
132.99
65.00
189.00
3.67
80.00
17.99
94.99
134.95
115.00
26.99
26.99
210.00
9.99
12.99
39.88
100.00
25.00
110.00
8.95
250.00
24.92
22.65
107.99
24.31
34.99
16.99
15.88
24.99
279.99
500.00
22.00
7.99
21.99
42.00
5.99
13.72
139.99
135.00
44.00
34.99
7.80
25.21
34.99
269.99
180.00
79.99
139.00
129.99
39.99
5.99
81.00
59.00
49.99
39.99
78.99
69.60
18.66
34.99
52.98
70.00
10.00
59.95
19.95
59.99
7.99
29.99
19.99
39.99
45.00
7.49
28.98
130.00
89.99
12.95
19.95
19.95
12.80
5.99
17.40
158.80
8.32
39.99
3.50
19.99
13.95
325.00
269.99
43.99
339.00
8.32
2.50
29.99
47.99
169.99
5.99
227.99
50.00
11.99
10.12
13.51
100.00
50.00
21.95
110.00
125.99
149.99
100.00
9.89
5.30
295.00
14.95
40.00
29.88
199.00
220.00
14.95
69.00
293.00
20.95
25.00
49.95
11.90
16.91
4.95
130.00
69.95
187.00
14.49
9.99
85.00
14.99
90.00
20.87
97.99
12.00
40.38
13.95
35.97
16.99
129.99
179.99
19.99
29.99
48.99
19.50
239.99
10.25
17.99
200.00
79.95
80.00
6.29
250.00
175.00
58.69
189.99
14.80
36.99
35.99
8.99
7.85
24.00
134.99
10.00
40.00
30.00
89.00
50.00
11.95
14.24
179.95
14.99
60.00
5.99
100.00
11.36
99.99
89.99
13.69
9.99
9.99
165.00
29.88
8.95
20.99
83.99
22.00
12.99
2.79
14.95
149.99
12.00
7.99
34.95
65.00
199.00
99.00
46.49
13.69
249.99
39.99
45.00
47.95
59.99
11.69
40.00
22.99
4.99
154.99
174.95
9.99
62.29
179.99
19.99
88.00
17.19
13.95
32.00
125.00
9.99
9.95
24.99
16.99
100.00
72.99
134.99
65.00
99.99
125.00
100.99
249.99
79.99
19.99
118.49
60.00
24.99
29.99
109.99
159.00
49.99
99.99
229.95
154.99
67.99
269.99
8.99
9.72
60.00
79.95
20.95
10.88
199.00
134.99
179.05
45.00
227.99
263.99
79.99
79.99
10.59
9.99
70.00
7.99
29.99
89.00
24.95
7.99
24.96
40.00
8.74
7.90
62.99
9.99
169.99
21.16
60.00
160.00
8.99
69.95
49.95
95.00
21.99
59.99
99.99
195.00
159.99
209.95
29.99
79.95
195.00
89.99
139.99
120.00
100.00
12.99
179.00
84.99
14.99
99.00
15.55
180.00
2.99
179.99
12.99
69.00
44.95
149.00
4.85
27.00
79.95
246.95
269.00
130.00
6.29
179.99
105.00
30.00
195.00
8.00
189.00
170.00
50.00
325.99
149.99
98.00
190.00
12.99
6.30
53.99
10.00
98.00
5.99
190.00
65.00
4.99
12.49
29.99
14.99
80.00
79.99
49.99
45.99
40.00
80.00
64.99
108.95
175.00
8.50
69.99
17.99
6.99
15.99
189.99
10.00
5.99
6.99
105.00
14.99
50.00
26.60
15.00
134.99
59.95
69.95
40.00
29.66
29.99
60.47
35.99
39.99
85.00
239.99
53.99
34.95
32.99
38.79
24.30
130.00
32.36
160.00
64.99
177.80
24.99
29.99
72.50
199.99
182.99
149.99
15.00
15.21
5.59
29.99
16.99
5.00
169.97
15.99
24.95
150.00
210.00
29.99
13.99
69.95
29.89
10.01
54.95
79.95
8.29
40.00
105.00
159.99
9.99
699.00
179.00
312.60
99.95
89.00
8.86
199.99
8.99
150.00
60.00
44.99
41.99
27.99
12.16
19.99
1.00
104.99
200.00
199.00
6.99
50.00
95.00
24.00
26.99
19.99
69.99
63.00
64.99
50.00
199.00
269.99
39.99
143.00
84.95
15.95
13.99
11.30
160.85
129.99
24.99
44.99
19.99
74.97
19.50
24.89
165.00
89.50
5.95
65.99
110.00
1.98
26.09
15.00
132.99
179.00
39.95
35.85
129.00
69.99
135.00
125.00
69.99
48.99
89.00
69.99
6.99
219.99
269.00
79.99
24.90
189.00
5.09
19.95
42.00
10.89
8.99
27.99
179.99
37.99
24.99
40.00
16.99
59.99
9.98
85.00
16.91
16.91
19.00
21.50
165.00
61.63
16.99
1.97
99.95
45.97
259.99
39.99
10.49
19.99
39.99
84.95
140.00
10.00
99.99
70.00
34.99
119.99
85.00
84.36
207.00
49.95
69.99
20.99
25.00
39.00
39.12
6.88
7.98
6.89
150.00
90.00
38.99
135.00
0.99
18.00
18.49
24.50
29.12
144.99
79.00
29.95
7.95
11.36
45.99
98.24
7.45
159.95
9.99
79.95
8.99
117.99
67.95
150.00
159.00
32.00
8.99
19.95
4.99
9.99
4.99
115.49
24.99
119.99
119.99
16.99
17.99
24.93
18.79
29.99
7.00
14.99
0.96
11.49
10.99
134.50
220.99
160.00
4.99
88.40
94.99
38.95
189.99
39.95
65.00
22.00
17.93
33.70
24.87
259.99
49.99
19.95
12.99
99.99
39.00
12.00
9.99
30.00
11.90
116.99
20.99
99.99
116.99
499.00
12.99
9.89
24.91
14.87
39.99
2.49
6.99
50.00
5.39
10.99
51.65
199.99
8.99
116.85
195.50
29.14
14.00
1.39
9.98
11.98
6.99
5.19
14.99
84.99
14.39
14.39
28.80
29.99
56.00
29.90
174.49
9.56
4.99
25.00
14.90
24.89
9.99
2.55
13.99
7.99
95.00
10.50
126.99
9.75
8.99
84.99
49.95
230.00
250.00
34.99
165.99
300.00
130.00
239.99
179.99
19.99
19.99
11.99
110.00
149.95
99.95
45.00
159.99
22.99
49.99
37.99
1.99
80.00
169.99
99.99
79.99
9.99
34.99
32.98
79.99
34.95
120.00
99.99
3.99
70.00
12.99
135.00
69.95
19.99
2.55
119.90
111.94
10.99
75.00
83.90
36.50
32.50
99.00
32.50
24.99
150.00
37.00
4.50
99.95
79.88
43.95
50.00
131.59
15.99
0.99
12.95
149.99
230.00
89.99
17.99
179.99
43.93
159.00
100.00
41.77
75.99
199.95
106.99
110.00
60.74
99.99
54.99
13.33
99.00
75.00
129.99
80.00
34.99
34.88
8.69
48.61
16.88
7.79
165.99
43.49
37.36
139.00
20.99
53.99
0.99
115.00
249.99
7.99
179.99
75.00
18.99
29.99
38.80
17.99
77.77
159.99
184.99
60.95
109.95
60.00
120.00
160.00
145.00
45.00
36.00
2.59
119.98
78.99
49.00
44.59
55.00
99.99
99.50
125.00
24.99
39.99
360.00
74.95
24.99
24.99
12.99
13.95
8.49
0.99
199.99
109.69
26.99
14.99
10.95
160.00
40.00
36.99
185.00
99.99
79.95
9.99
90.00
12.99
199.95
35.00
9.99
69.88
24.00
49.95
7.64
21.99
17.99
89.99
60.00
20.00
30.00
249.99
11.89
85.00
49.89
5.99
70.00
58.00
33.19
99.99
19.99
170.00
33.91
49.95
90.00
84.95
369.53
24.88
10.98
369.53
155.00
219.00
145.00
12.99
59.95
199.95
55.00
17.99
119.99
19.99
84.95
7.72
46.45
59.00
130.00
10.29
64.99
49.99
160.00
39.95
65.00
42.99
45.00
8.99
30.00
129.99
3.99
9.98
14.50
19.86
9.95
149.99
36.99
109.99
12.95
140.00
20.99
7.99
125.00
85.00