539.99
850.00
75.00
129.95
165.00
780.00
275.00
114.99
898.99
30.00
99.95
787.00
157.49
151.66
100.00
910.00
950.00
41.00
2000.00
1999.99
96.00
1455.21
152.45
1249.00
135.00
16.50
389.99
850.00
1560.00
719.00
74.09
1650.00
729.00
145.99
125.00
199.00
534.99
99.99
94.95
1925.00
2030.00
2.30
529.99
259.00
33.13
145.00
78.95
199.00
779.95
78.00
109.00
879.99
419.00
1459.99
165.96
249.99
304.91
0.99
414.49
375.00
104.50
56.00
245.00
496.99
71.00
139.00
325.00
164.00
219.95
65.00
325.00
111.00
222.50
750.00
59.99
20.00
762.99
20.49
152.50
33.00
360.00
152.49
249.00
125.00
20.50
49.99
610.00
171.71
524.95
235.89
2280.00
39.99
172.50
99.99
125.00
900.00
350.00
114.06
720.00
99.99
201.50
22.85
304.99
79.95
1199.98
270.00
715.99
275.00
102.50
1225.00
409.00
899.00
25.00
83.00
167.51
290.55
165.49
180.01
119.50
11.50
20.00
919.95
150.00
99.00
84.00
62.00
132.50
749.79
250.00
11.50
400.00
1549.99
550.00
419.00
71.00
129.95
40.00
104.07
32.00
2200.00
202.57
475.00
175.00
152.50
599.00
149.99
122.50
105.99
80.94
211.50
429.95
484.99
61.00
3649.99
249.00
554.50
100.00
117.50
899.00
399.99
17.00
102.50
949.99
476.10
449.00
419.95
519.20
419.00
300.00
570.00
2900.00
140.00
700.00
207.96
849.00
115.00
150.00
35.00
62.51
201.88
255.00
499.00
93.50
348.00
42.65
109.00
74.30
303.03
479.00
860.50
195.00
475.00
103.38
282.00
96.00
99.99
399.99
100.99
2285.00
24.50
109.00
879.99
419.00
1459.99
165.96
249.99
304.91
0.99
414.49
375.00
104.50
56.00
245.00
496.99
71.00
139.00
325.00
164.00
219.95
65.00
325.00
111.00
222.50
750.00
59.99
20.00
762.99
20.49
152.50
33.00
360.00
152.49
249.00
125.00
20.50
49.99
610.00
171.71
524.95
235.89
2280.00
39.99
172.50
99.99
125.00
900.00
350.00
114.06
720.00
99.99
201.50
22.85
304.99
79.95
1199.98
270.00
715.99
275.00
102.50
1225.00
409.00
899.00
25.00
83.00
167.51
290.55
165.49
180.01
119.50
11.50
20.00
919.95
150.00
99.00
84.00
62.00
132.50
749.79
250.00
11.50
400.00
1549.99
550.00
419.00
71.00
129.95
40.00
104.07
32.00
2200.00
202.57
475.00
175.00
152.50
599.00
149.99
122.50
105.99
80.94
211.50
429.95
484.99
61.00
3649.99
249.00
554.50
100.00
117.50
899.00
399.99
17.00
102.50
949.99
476.10
449.00
419.95
519.20
419.00
300.00
570.00
2900.00
140.00
700.00
207.96
849.00
115.00
150.00
35.00
62.51
201.88
255.00
499.00
93.50
348.00
42.65
109.00
74.30
303.03
479.00
860.50
195.00
475.00
103.38
282.00
96.00
99.99
399.99
100.99
2285.00
24.50
129.50
169.99
75.99
400.00
577.00
96.29
594.96
157.50
227.50
184.86
188.49
135.00
499.99
115.00
405.00
125.00
404.00
37.00
345.00
9.99
720.00
495.00
170.99
279.00
41.00
242.50
320.99
51.00
21.00
250.00
499.95
446.00
1334.99
152.50
400.00
420.99
194.52
100.00
345.00
175.00
799.94
189.99
89.99
97.00
560.00
142.50
199.99
251.00
570.99
48.99
405.00
326.80
113.51
649.99
150.50
165.49
250.00
124.06
218.49
29.00
64.60
274.99
100.98
431.99
256.50
177.50
395.32
167.50
16.00
395.00
142.50
269.99
62.00
133.50
378.00
313.96
112.50
51.97
132.51
889.95
356.99
700.00
99.75
119.00
580.00
139.99
600.00
326.99
809.00
650.00
22.26
325.00
450.00
43.00
62.99
150.00
202.50
386.99
40.00
174.00
175.00
107.22
399.99
45.00
335.00
600.00
416.99
325.95
19.99
279.00
849.00
580.00
685.00
78.77
154.99
293.67
73.00
105.01
36.00
23.50
80.00
90.00
42.00
306.00
56.00
192.50
330.25
29.00
64.99
150.00
50.00
279.00
84.53
150.00
113.50
169.95
129.99
475.00
58.00
134.49
150.00
179.99
15.50
1399.00
27.51
174.88
343.96
268.00
650.00
309.00
619.99
400.00
295.00
87.00
85.00
899.00
579.00
37.00
49.00
35.00
85.68
123.99
70.00
7.50
100.00
55.00
255.00
500.00
300.00
20.50
247.79
22.50
47.00
9.99
31.00
159.26
15.00
213.71
0.51
450.00
14.99
969.95
16.01
275.00
274.00
149.99
179.00
182.50
449.33
134.07
1054.59
265.00
72.84
15.50
68.00
700.00
306.50
2399.00
85.00
99.99
300.03
659.99
195.00
167.00
169.00
869.99
232.59
19.04
75.00
485.00
161.00
479.17
489.99
203.30
151.56
79.99
249.99
185.00
46.00
24.99
215.50
80.95
969.00
722.96
35.00
125.00
255.00
157.50
203.40
1800.00
455.00
210.00
265.00
700.00
23.73
41.12
15.65
265.00
70.00
175.00
51.00
84.99
281.00
67.94
409.99
79.99
62.00
80.00
540.00
173.50
70.00
41.12
549.99
180.00
679.00
369.00
369.00
82.00
434.00
84.95
235.45
17.01
51.00
330.00
89.95
255.00
124.99
349.00
77.98
68.00
175.00
14.99
95.00
100.00
105.50
285.00
94.95
56.00
560.00
35.00
99.01
41.12
49.89
1225.00
670.00
90.51
495.00
680.00
699.99
365.00
95.00
229.95
42.12
500.00
287.85
125.00
1650.00
245.00
549.97
365.99
254.00
15.62
259.99
220.50
40.00
39.98
60.01
304.65
64.99
212.05
710.99
73.00
575.00
120.00
645.00
370.00
53.00
21.00
590.00
799.00
79.99
431.59
159.99
126.00
82.00
469.51
299.95
152.50
510.10
649.99
179.99
400.00
193.50
1525.00
31.00
41.12
880.00
102.50
30.99
120.00
190.50
825.00
510.00
132.50
102.50
529.99
132.50
48.44
278.13
315.02
1463.00
115.00
235.00
108.50
190.50
127.50
171.50
187.50
175.00
200.00
381.00
930.00
39.00
197.60
61.00
29.99
120.00
480.68
579.00
306.94
180.00
920.00
320.00
15.51
109.97
145.00
117.50
119.00
311.19
20.00
52.00
325.78
71.11
200.00
59.32
21.50
28.00
58.49
65.00
22.50
11.50
21.12
150.50
69.99
211.00
39.99
115.00
158.50
69.99
852.00
79.99
66.00
949.95
315.00
675.00
79.99
97.96
33.11
102.50
232.50
102.50
119.50
152.50
129.95
339.00
389.99
139.95
76.00
35.67
44.00
24.99
549.00
72.01
429.99
361.65
135.00
230.00
199.00
267.00
15.00
67.55
85.30
37.78
26.00
61.00
132.49
57.00
154.29
310.03
29.99
249.00
24.37
839.99
52.00
41.00
9.99
72.50
133.50
76.00
388.00
49.99
18.50
31.00
26.00
52.01
5.50
9.99
9.99
56.00
15.50
476.00
73.00
28.99
105.00
197.50
380.00
57.89
68.99
187.75
61.00
157.50
82.00
97.00
61.00
23.39
108.45
52.50
45.00
16.51
31.00
77.69
25.00
243.51
175.00
1195.00
27.00
209.95
490.01
36.11
136.05
410.25
429.00
515.00
150.00
114.50
49.99
580.00
316.06
600.00
150.00
65.00
125.00
369.00
113.50
89.95
79.99
54.99
249.99
35.00
149.00
14.99
575.00
780.00
399.00
623.45
449.99
479.99
75.00
437.20
109.99
72.00
860.00
249.95
182.50
1350.00
66.00
70.00
36.99
385.00
599.00
152.50
1274.99
163.96
700.00
920.00
205.00
1445.00
20.59
91.00
414.00
99.00
69.00
499.99
540.10
49.00
249.00
199.99
66.99
86.00
185.00
86.93
20.70
40.00
1375.00
30.35
42.76
169.00
100.99
254.00
72.00
305.00
60.99
111.82
27.00
18.01
83.76
90.65
68.00
37.77
53.00
83.00
285.00
16.15
290.00
42.00
289.95
40.00
185.00
598.36
256.00
999.99
47.61
45.00
2500.00
180.00
255.00
305.00
49.00
780.00
71.00
137.50
355.00
36.00
64.99
447.09
153.50
375.00
483.96
19.99
292.59
42.00
62.86
43.00
249.99
182.50
599.99
275.00
378.99
642.99
549.99
71.00
225.00
80.00
228.00
177.88
579.99
119.95
282.54
140.00
405.00
113.50
80.00
71.03
49.00
139.00
169.99
269.99
299.00
399.00
65.00
127.50
529.00
750.00
137.50
20.50
64.99
110.00
379.31
300.00
125.00
499.00
180.00
280.00
300.00
58.00
12.19
340.00
153.50
239.94
305.00
415.00
177.50
76.00
118.05
259.99
108.50
91.00
445.00
103.50
99.95
299.99
480.00
485.00
249.74
950.00
187.50
357.00
395.99
272.00
162.50
250.00
325.00
510.00
81.00
129.99
299.99
117.51
550.00
202.51
19.95
91.89
300.00
225.00
9.99
168.50
750.00
709.91
665.00
299.00
510.00
69.99
985.00
645.00
44.99
199.99
289.99
121.00
150.00
124.00
19.95
50.00
150.00
54.00
231.38
38.00
799.00
122.50
368.45
700.00
48.00
249.00
2000.00
250.00
81.00
650.00
229.00
77.00
9.99
221.38
107.50
300.00
780.00
170.00
180.00
38.97
42.00
999.99
299.99
184.99
279.99
62.27
486.24
123.71
90.00
39.99
127.50
550.00
90.00
355.00
300.00
212.50
106.50
2395.00
90.00
279.99
54.00
99.00
41.00
330.14
325.00
127.50
249.95
150.00
250.00
213.61
334.34
248.00
99.00
51.00
31.10
270.00
99.99
200.00
399.00
153.50
525.00
197.30
325.00
90.80
187.50
240.00
130.00
950.00
375.00
530.00
329.00
205.00
305.00
299.00
202.50
1400.00
65.00
202.50
350.00
510.00
330.64
200.00
549.00
41.00
91.00
48.00
195.50
499.99
450.00
15.49
21.50
30.99
30.00
46.00
30.00
14.99
29.99
30.99
33.00
52.00
37.99
30.99
30.99
30.99
30.99
37.00
28.09
31.00
45.00
42.88
34.95
114.50
108.50
66.00
48.10
40.10
27.00
53.00
67.00
53.00
21.50
26.00
34.00
34.33
31.00
113.50
36.00
20.50
53.00
53.00
51.00
31.00
32.00
315.01
315.00
41.00
31.00
67.56
204.50
102.50
61.56
47.00
108.50
108.50
91.00
102.50
91.00
97.00
94.00
87.00
23.06
85.00
96.00
29.99
700.00
182.51
190.88
102.50
158.50
172.51
107.50
119.99
124.00
319.99
162.50
92.00
74.98
588.73
332.51
7.00
85.00
61.00
38.95
109.95
399.99
154.99
281.66
160.00
259.99
71.00
309.94
405.00
699.99
39.99
86.00
90.00
669.99
599.95
86.00
600.00
71.00
510.00
204.99
137.50
365.00
80.01
43.00
20.70
309.00
65.00
66.66
1300.00
569.00
839.00
300.00
800.00
107.50
66.00
137.50
445.00
259.95
550.00
499.00
561.00
31.00
379.00
259.99
161.50
275.00
159.00
99.65
610.00
34.99
25.00
14.15
430.00
90.99
129.00
845.78
149.99
185.00
365.00
287.00
13.99
369.99
244.50
415.00
449.00
72.84
58.00
369.99
172.50
499.99
679.99
60.00
545.00
305.00
249.99
509.99
59.99
940.00
152.50
74.99
266.00
369.99
1111.00
237.00
65.00
100.00
459.87
329.95
170.50
210.00
1380.00
50.00
182.49
53.00
185.00
199.99
25.00
137.50
291.00
845.00
895.00
50.00
240.00
149.00
24.50
165.50
550.00
375.00
325.00
39.99
172.50
150.00
89.99
130.50
130.00
202.50
44.00
610.00
231.50
103.50
280.00
202.50
229.99
46.00
760.00
92.00
160.50
162.50
56.00
350.00
227.50
153.98
31.98
499.99
162.50
259.00
962.30
229.99
125.00
334.95
310.00
649.99
232.50
310.00
96.00
340.00
152.49
630.00
1280.00
700.00
137.40
549.00
202.50
129.00
164.48
122.50
149.99
10.00
102.50
250.00
81.00
192.50
26.00
50.56
179.50
130.00
149.00
500.00
79.99
324.00
185.00
179.99
106.00
201.47
600.00
259.00
999.00
146.22
289.99
108.00
173.35
14.99
134.99
350.00
172.50
142.50
409.00
1249.00
21.00
245.00
81.00
67.00
98.00
61.00
544.99
69.99
119.99
17.00
200.00
151.00
209.99
89.99
110.00
295.00
114.50
305.00
222.50
184.95
217.50
350.00
224.50
147.99
399.99
300.30
80.00
154.50
151.00
569.89
225.00
159.99
99.00
207.50
242.54
455.00
306.00
145.00
629.99
190.50
399.99
46.00
4.95
191.96
30.00
595.00
64.99
29.19
34.99
900.00
107.50
147.50
271.96
135.00
20.00
345.23
66.00
250.00
305.00
49.50
81.00
670.00
135.00
299.00
200.00
400.10
76.00
395.00
429.00
12.50
59.11
100.00
140.27
92.04
139.22
325.00
116.37
88.00
102.50
308.00
65.41
201.50
316.00
122.50
177.50
33.00
33.00
800.00
149.99
163.39
269.00
219.99
417.77
50.00
250.00
52.00
1529.06
1249.00
550.00
4.99
74.98
42.00
479.95
287.51
6.50
62.00
179.00
44.00
53.00
250.00
188.50
675.00
255.00
59.00
199.99
424.98
90.00
89.00
265.00
135.00
127.50
81.00
469.00
36.50
569.90
143.49
108.50
36.00
405.00
710.00
337.50
64.00
490.01
415.00
350.00
3.25
379.99
699.99
680.00
192.50
153.00
800.45
899.99
671.00
629.00
17.00
199.99
71.00
292.00
9.99
100.00
217.50
27.00
21.38
524.99
175.00
499.99
227.96
315.00
67.66
130.00
15.49
255.00
260.00
117.50
1263.00
405.00
350.09
199.99
107.50
349.99
109.50
86.68
323.00
192.50
90.99
102.50
400.00
240.00
102.50
181.00
69.00
48.00
287.01
34.95
18.00
195.00
779.95
191.38
21.00
10.50
365.00
811.00
125.00
869.99
100.00
550.00
125.50
209.99
61.00
839.00
269.95
243.00
189.99
41.00
159.00
519.95
259.00
149.00
255.00
54.95
139.99
465.62
329.01
124.30
12.10
69.99
187.50
79.99
13.00
99.99
169.16
15.00
649.00
56.00
294.99
89.99
103.17
715.03
200.00
212.50
50.38
74.99
12.61
209.99
150.00
75.55
175.00
129.00
24.01
17.49
51.00
73.00
26.00
399.00
139.00
649.99
334.00
99.00
334.34
399.00
332.00
675.00
250.01
529.00
619.99
575.00
2.75
238.00
449.99
70.00
61.00
699.00
399.00
405.00
80.00
1799.00
282.00
659.94
87.00
150.00
1412.99
37.56
840.00
84.99
165.00
345.00
36.00
81.14
586.00
265.00
899.00
189.99
739.93
400.00
80.00
53.52
100.00
410.00
232.54
145.87
45.00
58.45
65.00
170.00
789.00
197.50
170.00
280.00
124.50
50.00
66.37
549.00
49.99
43.50
62.00
315.00
51.01
213.50
59.00
30.00
31.00
26.00
1000.00
182.50
83.50
280.00
489.99
71.00
283.96
190.00
69.00
84.00
700.00
79.99
724.99
18.00
78.00
305.00
119.99
295.00
25.00
84.00
217.51
18.26
62.00
100.00
122.36
66.65
59.99
177.50
279.00
150.00
51.00
74.99
299.95
450.00
61.05
17.55
629.00
36.50
56.00
179.50
1495.00
39.00
282.00
148.50
51.01
911.00
157.50
58.00
25.00
51.00
256.00
107.55
279.99
152.50
46.00
225.00
145.00
410.00
129.50
699.00
341.76
365.00
66.00
147.50
432.75
389.99
654.99
345.00
301.00
13.00
432.25
276.00
131.99
1495.00
64.99
63.65
222.50
85.00
139.95
745.00
99.95
122.50
210.00
1083.15
91.00
202.50
305.00
73.00
67.00
36.95
28.99
820.00
690.00
98.25
114.95
849.99
579.99
99.99
192.52
66.98
56.00
440.99
217.50
780.00
309.00
439.00
248.50
40.99
66.00
289.98
78.77
66.00
861.99
89.00
209.00
107.00
315.00
31.99
35.00
609.00
96.00
669.99
782.22
1139.00
56.00
0.99
142.00
65.00
143.99
102.50
312.00
61.00
73.00
80.00
459.00
50.99
571.00
25.00
102.50
23.01
84.00
330.00
34.99
61.00
50.00
197.50
19.99
40.00
40.00
770.00
179.49
51.00
34.00
11.00
112.00
153.49
250.00
169.99
125.00
345.00
65.00
153.50
139.99
504.95
33.49
247.50
1.25
378.99
106.00
300.00
198.00
119.00
479.00
29.99
202.50
49.97
38.00
91.00
106.00
359.99
2595.00
67.66
66.15
56.15
157.50
61.15
14.99
660.00
65.15
930.00
49.99
229.00
60.00
56.00
134.00
3199.95
167.50
47.00
405.00
70.69
40.00
122.50
449.99
30.00
780.00
355.00
330.00
87.77
141.55
159.99
57.98
199.00
99.99
204.50
124.70
90.00
610.00
127.50
24.59
212.73
148.50
5.00
299.00
70.00
320.00
81.00
300.00
91.01
79.95
223.00
129.95
913.99
255.00
599.99
1075.00
157.50
25.00
41.00
62.00
449.00
235.98
199.99
110.00
695.00
289.00
349.95
130.00
598.00
135.00
172.50
259.99
117.50
2201.09
850.99
100.00
379.00
177.50
47.00
200.00
232.50
489.99
95.00
56.00
200.00
959.00
59.99
151.99
99.00
485.00
79.95
36.01
239.99
102.50
747.97
84.99
78.03
339.99
181.00
177.50
50.00
101.00
232.50
555.55
65.51
265.00
102.50
230.00
70.00
71.00
699.95
180.27
313.01
197.50
64.00
373.00
68.00
125.00
179.87
1500.00
45.00
270.00
519.98
20.49
245.00
109.99
213.16
162.50
46.11
800.00
299.99
800.00
175.00
323.99
265.00
124.99
284.19
1300.00
109.97
109.99
54.99
69.99
237.50
50.97
65.00
12.00
57.01
19.99
160.00
499.00
26.79
55.00
210.00
102.50
56.01
24.99
108.88
81.00
82.00
68.00
25.49
41.00
61.01
61.00
42.88
139.99
105.00
135.00
554.45
52.00
185.28
159.00
1049.99
124.99
73.00
34.99
63.65
103.50
45.00
97.24
424.99
45.00
725.99
55.00
16.00
295.00
1361.46
22.50
109.00
207.50
110.00
1199.00
589.99
465.45
449.99
244.99
10.50
48.00
75.00
250.00
299.00
45.00
180.00
76.01
19.99
306.00
30.50
2247.77
195.00
715.00
200.00
99.00
50.00
231.50
655.95
56.01
212.50
179.99
359.99
207.50
49.99
485.62
1199.99
1549.00
930.00
760.00
53.88
30.00
26.00
150.00
86.99
995.00
250.00
102.50
72.84
218.91
168.99
122.50
1294.99
93.00
179.95
959.99
235.00
579.99
525.00
49.99
60.00
32.06
279.00
60.00
199.50
39.99
76.10
164.50
279.99
349.99
974.00
479.50
464.99
140.50
899.50
203.50
535.00
203.50
34.99
305.00
199.00
177.51
218.91
182.50
852.00
1599.00
20.00
84.00
129.00
1029.99
320.00
189.00
132.99
1249.00
649.99
399.99
90.00
349.99
8.00
180.00
180.00
19.99
52.00
389.99
226.01
125.00
147.55
122.00
304.00
207.50
500.00
319.99
124.99
18.50
1099.99
385.00
350.00
179.04
1075.00
100.05
147.50
259.99
360.00
575.00
155.45
150.00
22.99
43.00
101.00
31.99
321.99
171.50
120.50
650.00
509.49
449.00
153.61
800.00
679.49
149.95
341.00
249.95
66.00
162.50
43.00
126.50
107.50
142.50
144.00
642.99
399.00
51.00
222.50
65.35
50.03
121.50
850.00
1688.99
147.50
120.00
104.99
1000.00
235.50
169.16
459.99
200.00
499.95
989.00
50.98
252.49
148.54
30.00
340.00
44.99
331.99
1049.99
215.96
31.00
125.00
59.99
198.95
79.00
1000.00
24.99
228.00
182.50
251.51
375.00
360.00
183.76
104.98
86.00
99.77
85.00
699.94
51.00
102.50
61.00
46.00
122.50
1100.00
231.05
110.39
65.00
1101.00
172.50
1000.00
141.00
665.00
47.00
265.00
102.50
73.55
40.00
100.00
103.50
31.00
359.00
115.50
184.95
166.51
299.00
139.99
299.99
70.00
60.00
39.50
222.39
174.95
155.50
81.00
355.25
99.99
729.00
202.50
999.00
79.99
61.00
795.00
89.99
262.00
1.25
250.00
122.68
419.99
189.06
70.99
147.50
275.00
188.96
19.99
99.99
259.00
72.01
9.99
299.99
139.99
214.16
509.00
47.76
265.00
51.15
31.00
81.02
499.00
282.02
631.00
41.00
17.00
389.99
124.09
105.77
18.00
429.99
129.50
255.00
701.99
110.00
380.00
79.99
1234.00
41.04
249.00
42.99
229.95
0.99
129.99
113.50
203.50
115.00
102.50
22.99
299.95
95.00
400.00
67.66
560.00
25.00
85.99
314.00
550.00
19.99
100.00
100.77
269.99
157.50
209.99
348.99
2030.00
228.50
78.00
20.50
34.95
224.99
59.99
128.05
19.99
138.50
137.50
1107.64
55.00
429.00
999.00
12.50
345.99
543.45
768.26
26.85
441.00
594.99
61.00
400.00
347.99
118.00
260.62
49.99
430.00
84.00
20.50
310.00
51.00
83.00
120.00
15.50
219.99
399.00
200.00
999.99
212.50
219.99
19.50
165.00
50.00
220.00
235.00
370.00
46.99
798.00
107.50
401.99
976.96
234.50
142.50
175.00
56.95
320.02
65.00
29.99
300.00
80.00
268.00
11.50
310.00
300.00
690.01
22.35
202.50
229.00
12.62
106.00
202.50
245.99
729.00
301.00
5.99
90.00
564.99
279.00
51.01
177.00
19.99
29.99
62.00
597.98
175.00
1107.99
350.00
199.99
0.99
150.00
21.06
83.51
235.00
291.74
202.50
157.50
790.00
529.99
41.00
63.00
35.98
81.00
85.00
790.00
181.48
399.99
190.00
699.99
26.00
39.55
47.65
86.85
249.99
611.00
655.00
222.50
475.89
201.50
71.99
32.00
122.50
295.00
15.50
34.95
83.00
180.51
116.01
2200.00
79.99
155.00
30.00
355.00
1098.00
778.88
46.00
21.49
405.00
102.50
199.00
120.00
59.89
53.00
325.00
70.00
152.50
267.43
265.00
215.00
105.00
219.99
2195.00
222.50
286.00
29.00
157.59
109.99
50.00
1126.11
134.06
201.00
773.99
199.95
76.00
165.00
170.00
64.50
191.50
189.99
399.00
329.99
57.00
43.00
875.00
202.50
31.00
179.00
199.99
225.33
199.99
309.99
419.00
38.00
166.00
479.94
189.99
82.00
149.99
389.95
67.00
530.00
245.00
275.00
48.00
208.50
24.99
50.00
24.99
38.00
175.00
29.99
359.99
179.49
109.00
109.00
175.99
449.44
41.60
679.00
345.00
30.49
33.00
152.50
836.01
144.99
88.58
139.99
58.28
499.99
240.00
182.50
305.00
76.02
40.90
20.50
105.51
99.00
45.35
63.65
132.76
187.50
699.00
410.00
78.60
379.00
170.00
909.00
989.00
49.88
139.99
50.99
102.50
46.00
389.50
177.50
205.00
117.50
48.00
255.00
199.99
65.99
37.50
220.35
2195.00
177.50
199.00
150.00
359.00
170.00
190.00
195.50
162.50
94.00
54.00
625.00
205.00
173.50
256.00
110.50
499.00
150.00
122.50
185.00
174.50
379.99
280.00
450.00
145.00
72.00
170.00
450.00
45.00
242.50
51.00
449.95
260.00
103.00
48.00
71.00
799.99
175.96
96.00
203.50
27.00
49.00
76.00
1299.99
198.00
373.99
157.50
113.50
580.01
250.00
162.50
49.99
329.99
2515.00
279.99
329.20
170.17
297.00
64.95
45.00
1230.00
294.69
59.00
24.99
92.00
65.66
760.00
130.00
89.50
132.50
769.00
145.00
41.50
849.00
252.00
225.00
125.00
139.99
599.00
479.99
164.99
39.99
19.99
153.00
175.00
179.00
169.00
619.70
36.00
2147.99
49.00
1299.99
560.00
55.00
89.00
199.00
162.50
475.00
54.00
130.00
56.00
1199.00
999.00
75.00
25.49
131.00
56.00
51.00
580.00
74.95
379.99
41.00
55.00
22.50
269.95
30.00
99.99
153.19
125.00
207.51
625.00
16.99
1200.00
261.40
298.99
205.00
1248.00
619.98
455.00
598.00
65.00
100.99
79.00
550.00
17.50
124.99
231.00
202.50
117.50
850.00
120.00
2699.90
430.00
124.99
98.11
154.50
49.76
849.99
119.00
80.00
704.00
313.00
167.50
99.20
224.00
1500.00
710.00
599.00
700.00
54.00
229.99
679.99
71.00
217.50
1350.69
210.00
61.00
212.50
776.99
1344.95
179.99
169.99
529.99
299.99
295.44
21.55
399.99
295.00
152.50
238.49
160.00
41.00
450.00
650.00
57.99
199.00
18.00
113.50
459.95
215.00
500.00
1256.00
64.95
129.99
219.00
375.45
55.00
200.00
1000.00
127.86
54.99
495.00
20.00
19.95
118.39
62.00
49.95
229.99
522.99
470.00
275.00
10.50
102.50
102.50
815.00
92.11
42.99
39.99
389.00
227.50
30.00
83.89
61.00
699.00
295.00
203.50
187.50
31.50
72.84
115.50
939.99
247.98
200.00
295.00
236.99
82.00
51.00
595.66
774.00
54.00
59.00
500.00
116.00
100.00
86.00
389.99
370.00
775.00
202.50
86.00
99.99
299.00
175.00
65.00
800.00
899.00
86.00
399.77
649.00
818.08
85.00
267.79
98.53
98.53
119.00
49.95
950.00
575.00
229.00
135.99
299.00
88.89
139.99
45.00
66.00
58.00
175.00
37.99
66.00
193.50
21.50
374.99
96.00
17.99
81.00
570.00
115.00
189.16
185.00
709.00
306.00
35.00
159.16
50.00