0 19000000
10 19000000
20 19100000
30 19100000
40 19200000
50 3280000
60 19200000
70 19200000
80 19200000
90 3280000
100 18900000
200 18900000
300 18900000
400 18900000
500 3280000
600 18800000
700 18900000
800 18900000
900 19100000
1000 19100000
1000 3280000
2000 19900000
3000 19000000
4000 3280000
5000 19100000
6000 18900000
7000 3280000
8000 3280000
9000 3280000
10000 18800000
10000 18800000
20000 3280000
30000 19200000
40000 3280000
50000 19300000
60000 19100000
70000 19100000
80000 19200000
90000 3280000
100000 19200000
100000 19200000
200000 3280000
300000 19200000
400000 19100000
500000 19100000
600000 3280000
700000 19000000
800000 19100000
900000 19200000
1000000 19300000
1000000 19400000
2000000 3260000
3000000 19300000
4000000 19100000
5000000 19100000
6000000 19000000
7000000 19000000
8000000 19000000
9000000 19000000
10000000 19000000
10000000 3280000
20000000 19000000
30000000 19100000
40000000 19000000
50000000 19000000
60000000 19000000
70000000 3280000
80000000 19000000
90000000 19000000
100000000 19000000
100000000 3280000
200000000 19000000
300000000 19200000
400000000 20000000
500000000 20000000
600000000 20100000
700000000 20300000
800000000 20200000
900000000 20300000
1000000000 3260000
1000000000 20500000
2000000000 3270000
3000000000 20500000

